0, 13.0, 18.0, -13.12, -1.68
0, 13.0, 18.0, -13.12, -0.56
1, 29.649, 32.93, -12.8, -1.12
2, 47.344, 47.665, -12.48, -0.56
3, 14.878, 68.487, -12.48, -1.68
4, 31.69, 83.172, -12.16, -1.12
5, 51.68, 98.001, -11.84, -0.56
6, 17.881, 118.881, -11.84, -1.68
7, 34.94, 133.268, -11.52, -1.12
8, 54.943, 148.005, -11.2, -0.56
9, 20.82, 168.96, -11.2, -1.68
10, 37.54, 183.253, -10.88, -1.12
11, 58.479, 197.961, -10.56, -0.56
14, 61.751, 247.654, -9.92, -0.56
15, 8.0, 254.0, -10.24, -2.24
15, 8.0, 254.0, -10.24, -1.12
16, 25.771, 268.637, -9.92, -1.68
17, 44.11, 283.088, -9.6, -1.12
18, 11.686, 304.326, -9.28, -1.68
20, 46.391, 332.763, -8.96, -1.12
21, 14.63, 353.957, -8.96, -2.24
22, 31.842, 368.15, -8.64, -1.68
23, 51.076, 382.233, -8.32, -1.12
24, 17.044, 403.564, -8.32, -2.24
25, 35.58, 417.913, -8.0, -1.68
26, 55.65, 432.037, -7.68, -1.12
27, 21.66, 453.077, -7.68, -2.24
28, 38.889, 467.263, -7.36, -1.68
29, 58.807, 481.407, -7.04, -1.12
30, 24.762, 502.686, -7.04, -2.24
31, 42.928, 516.975, -6.72, -1.68
32, 65.093, 530.996, -6.4, -1.12
33, 10.915, 538.39, -6.4, -2.24
35, 46.803, 566.213, -6.08, -1.68
36, 15.653, 587.537, -5.76, -2.24
38, 50.232, 615.693, -5.44, -1.68
39, 18.121, 637.081, -5.44, -2.8
40, 35.197, 651.133, -5.12, -2.24
41, 55.177, 665.103, -4.8, -1.68
44, 59.491, 714.213, -4.16, -1.68
45, 7.5, 722.0, -4.48, -2.24
45, 7.5, 722.0, -4.16, -2.8
47, 42.499, 749.786, -3.84, -2.24
48, 65.639, 763.564, -3.52, -1.68
49, 11.879, 771.484, -3.52, -2.8
51, 47.919, 799.107, -3.2, -2.24
52, 15.926, 820.906, -2.88, -2.8
54, 52.811, 848.227, -2.56, -2.24
55, 20.18, 870.082, -2.56, -3.36
56, 37.829, 883.941, -2.24, -2.8
57, 58.063, 897.341, -1.92, -2.24
58, 24.362, 919.525, -1.92, -3.36
59, 42.359, 933.16, -1.6, -2.8
60, 64.408, 946.947, -1.28, -2.24
61, 12.0, 955.0, -1.28, -3.36
63, 48.209, 982.303, -0.96, -2.8
64, 15.861, 1004.278, -0.64, -3.36
66, 52.552, 1031.662, -0.32, -2.8
67, 20.545, 1053.761, -0.32, -3.92
68, 38.549, 1067.311, -3.33066907388e-16, -3.36
69, 59.409, 1081.058, 0.32, -2.8
70, 26.193, 1103.094, 0.32, -3.92
71, 44.444, 1116.46, 0.64, -3.36
72, 66.672, 1130.219, 0.96, -2.8
73, 12.649, 1138.66, 0.96, -3.92
75, 49.25, 1166.095, 1.28, -3.36
76, 17.087, 1188.174, 1.6, -3.92
78, 56.174, 1215.263, 1.92, -3.36
79, 22.261, 1237.706, 1.92, -4.48
80, 40.92, 1251.215, 2.24, -3.92
81, 61.994, 1264.535, 2.56, -3.36
82, 10.0, 1274.0, 2.56, -4.48
84, 47.173, 1300.392, 2.88, -3.92
85, 14.373, 1323.149, 3.2, -4.48
87, 52.808, 1350.094, 3.52, -3.92
88, 19.814, 1372.647, 3.52, -5.04
89, 38.206, 1386.057, 3.84, -4.48
90, 59.127, 1399.31, 4.16, -3.92
91, 26.795, 1422.124, 4.16, -5.04
92, 45.682, 1435.403, 4.48, -4.48
93, 13.764, 1458.528, 4.8, -5.04
95, 51.364, 1485.157, 5.12, -4.48
96, 18.812, 1508.066, 5.12, -5.6
97, 34.747, 1521.277, 5.44, -5.04
98, 57.995, 1534.638, 5.76, -4.48
99, 25.526, 1557.737, 5.76, -5.6
100, 43.658, 1571.124, 6.08, -5.04
101, 12.0, 1594.5, 6.4, -5.6
103, 50.69, 1620.985, 6.72, -5.04
104, 18.023, 1644.128, 7.04, -5.6
106, 57.725, 1670.585, 7.36, -5.04
107, 25.756, 1694.088, 7.36, -6.16
108, 43.814, 1707.241, 7.68, -5.6
109, 12.0, 1731.0, 7.68, -6.72
110, 29.68, 1744.033, 8.0, -6.16
111, 51.255, 1757.237, 8.32, -5.6
112, 37.233, 1794.184, 8.64, -6.16
113, 59.82, 1807.299, 8.96, -5.6
114, 38.804, 1843.908, 9.28, -6.16
115, 67.772, 1584.282, 6.4, -4.48
116, 69.541, 1449.03, 4.8, -3.92
117, 68.494, 297.249, -9.28, -0.56
118, 68.494, 1720.515, 8.0, -5.04
119, 72.684, 1314.104, 3.2, -3.36
120, 72.261, 580.2, -5.76, -1.12
121, 75.0, 996.115, -0.64, -2.24
122, 74.881, 347.07, -8.64, -0.56
123, 76.29, 812.992, -2.88, -1.68
124, 74.296, 1857.785, 9.6, -5.6
125, 73.816, 12.137, -12.8, 0
126, 78.59, 1179.388, 1.6, -2.8
127, 80.983, 629.858, -5.12, -1.12
128, 78.41, 62.246, -12.16, 0
129, 82.837, 1498.367, 5.44, -3.92
130, 83.195, 1634.199, 7.04, -4.48
131, 82.146, 396.647, -8.0, -0.56
132, 85.517, 1045.284, -1.11022302463e-16, -2.24
133, 85.321, 1363.338, 3.84, -3.36
134, 85.144, 862.13, -2.24, -1.68
135, 85.447, 1770.586, 8.64, -5.04
136, 84.279, 112.474, -11.52, 0
137, 89.447, 679.044, -4.48, -1.12
138, 90.331, 1229.018, 2.24, -2.8
139, 90.404, 446.141, -7.36, -0.56
140, 89.175, 162.483, -10.88, 0
141, 95.689, 911.269, -1.6, -1.68
142, 87.068, 1907.738, 10.24, -5.6
143, 96.725, 1094.725, 0.64, -2.24
144, 97.597, 1548.207, 6.08, -3.92
145, 95.469, 212.217, -10.24, 0
146, 97.438, 495.632, -6.72, -0.56
147, 97.599, 1684.113, 7.68, -4.48
148, 97.877, 728.18, -3.84, -1.12
149, 99.444, 1413.078, 4.48, -3.36
150, 103.563, 1278.246, 2.88, -2.8
151, 100.546, 1820.862, 9.28, -5.04
152, 102.092, 262.086, -9.6, 0
153, 105.735, 545.072, -6.08, -0.56
154, 105.515, 960.638, -0.96, -1.68
155, 107.54, 777.532, -3.2, -1.12
156, 108.925, 1144.062, 1.28, -2.24
157, 109.828, 311.918, -8.96, 0
158, 111.811, 1462.37, 5.12, -3.36
159, 111.819, 1598.047, 6.72, -3.92
160, 113.51, 594.255, -5.44, -0.56
161, 112.907, 1734.066, 8.32, -4.48
162, 115.312, 1327.726, 3.52, -2.8
163, 116.127, 361.218, -8.32, 0
164, 117.849, 826.938, -2.56, -1.12
165, 117.462, 1010.02, -0.32, -1.68
166, 114.039, 27.046, -12.48, 0.56
167, 117.578, 1871.1, 9.92, -5.04
168, 121.113, 1193.239, 1.92, -2.24
169, 119.236, 77.106, -11.84, 0.56
170, 122.913, 643.875, -4.8, -0.56
171, 124.217, 410.983, -7.68, 0
172, 127.028, 1512.161, 5.76, -3.36
173, 126.081, 1647.836, 7.36, -3.92
174, 124.901, 127.106, -11.2, 0.56
175, 127.333, 876.077, -1.92, -1.12
176, 128.641, 1059.176, 0.32, -1.68
177, 128.635, 1377.158, 4.16, -2.8
178, 128.55, 1784.11, 8.96, -4.48
179, 131.391, 460.242, -7.04, 0
180, 131.154, 693.037, -4.16, -0.56
181, 133.375, 1242.552, 2.56, -2.24
182, 130.01, 177.05, -10.56, 0.56
183, 134.102, 1921.36, 10.56, -5.04
184, 138.217, 925.204, -1.28, -1.12
185, 136.868, 226.926, -9.92, 0.56
186, 139.987, 1108.313, 0.96, -1.68
187, 139.622, 509.925, -6.4, 0
188, 140.736, 1561.917, 6.4, -3.36
189, 140.067, 742.195, -3.52, -0.56
190, 141.232, 1426.431, 4.8, -2.8
191, 140.502, 1697.403, 8.0, -3.92
192, 142.898, 276.456, -9.28, 0.56
193, 146.117, 1292.056, 3.2, -2.24
194, 144.675, 1834.208, 9.6, -4.48
195, 146.507, 559.112, -5.76, 0
196, 148.782, 974.32, -0.64, -1.12
197, 149.68, 791.46, -2.88, -0.56
198, 152.299, 1157.855, 1.6, -1.68
199, 150.795, 326.104, -8.64, 0.56
200, 155.187, 608.28, -5.12, 0
201, 155.59, 1476.169, 5.44, -2.8
202, 155.047, 1611.38, 7.04, -3.36
203, 156.288, 1747.373, 8.64, -3.92
204, 158.523, 1341.278, 3.84, -2.24
205, 155.477, 41.895, -12.16, 1.12
206, 158.191, 375.684, -8.0, 0.56
207, 146.562, 1971.713, 10.88, -5.6
207, 146.562, 1971.713, 11.2, -6.16
208, 159.533, 840.746, -2.24, -0.56
209, 160.638, 1023.909, 0.0, -1.12
210, 160.987, 1884.374, 10.24, -4.48
211, 164.319, 1207.078, 2.24, -1.68
212, 160.226, 91.901, -11.52, 1.12
213, 164.961, 657.877, -4.48, 0
214, 165.476, 425.105, -7.36, 0.56
215, 166.744, 141.861, -10.88, 1.12
216, 170.24, 1525.835, 6.08, -2.8
217, 170.168, 890.007, -1.6, -0.56
218, 171.349, 1073.062, 0.64, -1.12
219, 170.531, 1661.237, 7.68, -3.36
220, 172.452, 1390.904, 4.48, -2.24
221, 172.639, 474.538, -6.72, 0.56
222, 173.429, 707.047, -3.84, 0
223, 172.1, 1797.416, 9.28, -3.92
224, 171.361, 191.464, -10.24, 1.12
225, 177.063, 1256.257, 2.88, -1.68
226, 177.65, 241.147, -9.6, 1.12
227, 180.908, 939.127, -0.96, -0.56
228, 177.924, 1934.995, 10.88, -4.48
229, 181.354, 524.001, -6.08, 0.56
230, 183.227, 1122.192, 1.28, -1.12
231, 182.796, 756.167, -3.2, 0
232, 184.554, 1575.299, 6.72, -2.8
233, 185.613, 1440.219, 5.12, -2.24
234, 185.484, 1711.154, 8.32, -3.36
235, 185.148, 290.953, -8.96, 1.12
236, 188.926, 1305.462, 3.52, -1.68
237, 189.428, 573.16, -5.44, 0.56
238, 188.759, 1847.809, 9.92, -3.92
239, 192.415, 988.242, -0.32, -0.56
240, 192.71, 805.29, -2.56, 0
241, 191.865, 340.273, -8.32, 1.12
242, 195.278, 1171.337, 1.92, -1.12
244, 197.517, 622.439, -4.8, 0.56
245, 195.708, 1985.329, 11.2, -5.04
246, 200.488, 1489.894, 5.76, -2.24
247, 199.42, 1625.138, 7.36, -2.8
248, 195.997, 56.264, -11.84, 1.68
249, 199.452, 389.999, -7.68, 1.12
250, 202.867, 1355.1, 4.16, -1.68
251, 201.304, 1761.11, 8.96, -3.36
252, 203.06, 1037.387, 0.32, -0.56
253, 202.176, 854.637, -1.92, 0
254, 200.539, 106.228, -11.2, 1.68
255, 207.844, 1220.853, 2.56, -1.12
256, 206.503, 439.213, -7.04, 1.12
257, 207.657, 671.902, -4.16, 0.56
258, 205.09, 1898.041, 10.56, -3.92
259, 206.448, 156.134, -10.56, 1.68
260, 212.946, 903.912, -1.28, 0
261, 213.763, 1539.283, 6.4, -2.24
262, 215.192, 1086.892, 0.96, -0.56
263, 214.037, 1674.966, 8.0, -2.8
264, 215.645, 1404.327, 4.8, -1.68
265, 213.382, 206.0, -9.92, 1.68
266, 216.116, 488.855, -6.4, 1.12
267, 216.304, 721.033, -3.52, 0.56
268, 217.571, 1811.161, 9.6, -3.36
269, 220.14, 1270.089, 3.2, -1.12
270, 220.04, 255.785, -9.28, 1.68
271, 223.811, 538.043, -5.76, 1.12
272, 223.61, 953.025, -0.64, 0
273, 222.785, 1948.297, 11.2, -3.92
274, 224.842, 770.145, -2.88, 0.56
275, 226.685, 1136.06, 1.6, -0.56
276, 226.269, 305.131, -8.64, 1.68
277, 228.971, 1589.072, 7.04, -2.24
278, 205.933, 2036.047, 11.52, -5.6
279, 230.303, 1454.033, 5.44, -1.68
280, 229.826, 1724.805, 8.64, -2.8
281, 231.656, 587.177, -5.12, 1.12
282, 233.237, 1319.269, 3.84, -1.12
283, 235.225, 1002.137, 0, 0
284, 233.315, 1861.236, 10.24, -3.36
285, 234.525, 354.864, -8.0, 1.68
286, 235.214, 819.238, -2.24, 0.56
287, 231.863, 21.01, -12.16, 2.24
288, 238.626, 1185.184, 2.24, -0.56
289, 240.385, 636.48, -4.48, 1.12
290, 237.087, 71.021, -11.52, 2.24
291, 243.813, 1638.739, 7.68, -2.24
292, 239.441, 1998.991, 11.52, -4.48
293, 241.17, 404.094, -7.36, 1.68
294, 243.461, 1503.321, 6.08, -1.68
295, 245.423, 868.357, -1.6, 0.56
296, 246.591, 1051.263, 0.64, 0
297, 247.023, 1368.825, 4.48, -1.12
298, 245.173, 1774.48, 9.28, -2.8
299, 241.874, 120.971, -10.88, 2.24
300, 250.645, 685.882, -3.84, 1.12
301, 249.547, 453.302, -6.72, 1.68
302, 251.137, 1234.323, 2.88, -0.56
303, 250.481, 1911.379, 10.88, -3.36
304, 248.098, 170.644, -10.24, 2.24
305, 256.72, 917.761, -0.96, 0.56
306, 257.97, 1100.362, 1.28, 0
307, 258.633, 1553.092, 6.72, -1.68
308, 254.434, 220.209, -9.6, 2.24
309, 257.906, 502.92, -6.08, 1.68
310, 259.706, 735.002, -3.2, 1.12
311, 260.246, 1418.157, 5.12, -1.12
312, 258.738, 1688.356, 8.32, -2.24
313, 261.971, 1824.778, 9.92, -2.8
314, 265.114, 1283.892, 3.52, -0.56
315, 261.828, 270.007, -8.96, 2.24
316, 265.435, 552.086, -5.44, 1.68
317, 267.359, 966.912, -0.32, 0.56
318, 268.098, 784.112, -2.56, 1.12
319, 271.033, 1149.888, 1.92, 0
320, 267.318, 1961.984, 11.52, -3.36
321, 268.937, 319.321, -8.32, 2.24
322, 273.007, 1602.483, 7.36, -1.68
324, 274.164, 1467.422, 5.76, -1.12
325, 274.559, 601.226, -4.8, 1.68
326, 274.794, 1738.273, 8.96, -2.24
327, 277.222, 1333.105, 4.16, -0.56
328, 276.672, 368.988, -7.68, 2.24
329, 272.75, 35.601, -11.84, 2.8
330, 278.901, 833.19, -1.92, 1.12
331, 279.767, 1016.038, 0.32, 0.56
332, 278.88, 1874.923, 10.56, -2.8
333, 282.961, 1199.044, 2.56, 0
334, 278.052, 85.465, -11.2, 2.8
335, 283.15, 650.457, -4.16, 1.68
336, 284.128, 418.191, -7.04, 2.24
337, 288.769, 1517.146, 6.4, -1.12
338, 288.331, 1652.285, 8.0, -1.68
339, 285.505, 2012.334, 11.84, -3.92
340, 283.53, 135.33, -10.56, 2.8
341, 288.975, 882.242, -1.28, 1.12
342, 290.814, 1065.142, 0.96, 0.56
343, 290.344, 1382.308, 4.8, -0.56
344, 290.72, 1788.232, 9.6, -2.24
345, 293.537, 699.875, -3.52, 1.68
346, 289.716, 185.079, -9.92, 2.8
347, 291.911, 467.638, -6.4, 2.24
348, 295.102, 1248.18, 3.2, 0
349, 296.133, 1925.145, 11.2, -2.8
350, 300.061, 931.345, -0.64, 1.12
351, 296.883, 234.737, -9.28, 2.8
352, 301.086, 516.998, -5.76, 2.24
353, 302.43, 1114.232, 1.6, 0.56
354, 302.393, 748.97, -2.88, 1.68
355, 303.173, 1566.626, 7.04, -1.12
356, 304.679, 1431.934, 5.44, -0.56
357, 303.926, 1702.143, 8.64, -1.68
358, 303.525, 284.139, -8.64, 2.8
359, 307.842, 1297.326, 3.84, 0
360, 307.482, 1838.259, 10.24, -2.24
361, 309.098, 566.144, -5.12, 2.24
362, 312.246, 980.717, 0.0, 1.12
363, 311.69, 798.067, -2.24, 1.68
364, 313.854, 1163.358, 2.24, 0.56
365, 311.59, 333.857, -8.0, 2.8
366, 312.544, 1975.354, 11.84, -2.8
368, 317.717, 615.245, -4.48, 2.24
369, 319.043, 1481.229, 6.08, -0.56
370, 318.45, 1616.261, 7.68, -1.12
371, 314.942, 50.083, -11.52, 3.36
372, 320.252, 1752.046, 9.28, -1.68
373, 319.012, 383.102, -7.36, 2.8
374, 321.83, 1346.892, 4.48, 0
375, 323.114, 1029.919, 0.64, 1.12
376, 322.514, 847.111, -1.6, 1.68
377, 319.843, 100.034, -10.88, 3.36
378, 323.729, 1888.342, 10.88, -2.24
379, 327.444, 1212.836, 2.88, 0.56
380, 327.067, 432.28, -6.72, 2.8
381, 327.078, 664.386, -3.84, 2.24
382, 326.357, 149.914, -10.24, 3.36
383, 333.051, 896.18, -0.96, 1.68
384, 333.312, 1530.89, 6.72, -0.56
385, 333.756, 1666.069, 8.32, -1.12
386, 330.672, 2026.062, 12.16, -3.36
387, 334.593, 1079.026, 1.28, 1.12
388, 335.021, 1396.154, 5.12, 0
389, 332.294, 199.382, -9.6, 3.36
390, 335.751, 481.872, -6.08, 2.8
391, 337.088, 713.811, -3.2, 2.24
392, 336.668, 1802.001, 9.92, -1.68
393, 339.909, 1262.034, 3.52, 0.56
394, 340.672, 1938.802, 11.52, -2.24
395, 339.454, 249.021, -8.96, 3.36
396, 343.297, 945.255, -0.32, 1.68
397, 343.616, 531.033, -5.44, 2.8
398, 346.096, 762.904, -2.56, 2.24
399, 346.452, 1128.123, 1.92, 1.12
400, 348.038, 1580.286, 7.36, -0.56
401, 349.31, 1445.39, 5.76, 0
402, 349.152, 1715.888, 8.96, -1.12
403, 346.221, 298.431, -8.32, 3.36
404, 352.398, 580.149, -4.8, 2.8
405, 352.944, 1311.2, 4.16, 0.56
406, 352.678, 1852.022, 10.56, -1.68
407, 355.165, 994.343, 0.32, 1.68
408, 355.637, 811.99, -1.92, 2.24
409, 352.12, 14.839, -11.84, 3.92
410, 354.621, 347.975, -7.68, 3.36
411, 358.514, 1177.221, 2.56, 1.12
412, 358.797, 1989.136, 12.16, -2.24
413, 357.1, 64.668, -11.2, 3.92
414, 361.461, 629.246, -4.16, 2.8
415, 364.181, 1495.07, 6.4, 0
416, 364.014, 1630.066, 8.0, -0.56
417, 362.273, 397.191, -7.04, 3.36
418, 364.574, 1765.463, 9.6, -1.12
419, 366.804, 1043.462, 0.96, 1.68
420, 366.059, 1360.386, 4.8, 0.56
421, 362.283, 114.386, -10.56, 3.92
422, 366.376, 861.057, -1.28, 2.24
423, 370.596, 446.501, -6.4, 3.36
424, 370.889, 678.368, -3.52, 2.8
425, 371.243, 1226.327, 3.2, 1.12
426, 370.073, 1902.159, 11.2, -1.68
427, 368.995, 164.112, -9.92, 3.92
428, 377.025, 910.114, -0.64, 2.24
429, 378.51, 1092.854, 1.6, 1.68
430, 378.418, 1544.361, 7.04, 0
431, 377.928, 1679.478, 8.64, -0.56
432, 380.446, 1409.961, 5.44, 0.56
433, 377.297, 2039.728, 12.48, -2.8
434, 375.315, 213.774, -9.28, 3.92
435, 379.446, 495.936, -5.76, 3.36
436, 380.165, 727.628, -2.88, 2.8
437, 381.445, 1815.438, 10.24, -1.12
438, 384.999, 1275.807, 3.84, 1.12
439, 382.11, 263.147, -8.64, 3.92
440, 387.576, 545.079, -5.12, 3.36
441, 388.523, 959.17, 1.11022302463e-16, 2.24
442, 387.16, 1952.305, 11.84, -1.68
443, 390.323, 776.852, -2.24, 2.8
444, 391.256, 1141.974, 2.24, 1.68
445, 389.355, 312.689, -8.0, 3.92
446, 394.324, 1594.123, 7.68, 0
447, 394.019, 1459.229, 6.08, 0.56
448, 394.062, 1729.346, 9.28, -0.56
449, 395.8, 594.169, -4.48, 3.36
450, 398.443, 1325.051, 4.48, 1.12
451, 397.533, 362.088, -7.36, 3.92
452, 398.708, 1865.49, 10.88, -1.12
453, 394.458, 29.132, -11.52, 4.48
454, 400.279, 825.923, -1.6, 2.8
455, 400.15, 1008.229, 0.64, 2.24
456, 403.799, 1191.091, 2.88, 1.68
457, 400.334, 79.049, -10.88, 4.48
458, 405.102, 643.247, -3.84, 3.36
459, 405.685, 411.253, -6.72, 3.92
460, 405.186, 2002.875, 12.48, -1.68
461, 409.595, 1508.745, 6.72, 0.56
462, 409.544, 1643.639, 8.32, 0
463, 406.106, 128.928, -10.24, 4.48
464, 410.423, 874.98, -0.96, 2.8
465, 411.187, 1057.302, 1.28, 2.24
466, 411.464, 1374.238, 5.12, 1.12
467, 410.795, 1779.271, 9.92, -0.56
468, 414.527, 460.821, -6.08, 3.92
469, 415.024, 692.327, -3.2, 3.36
470, 411.734, 178.26, -9.6, 4.48
471, 416.519, 1240.206, 3.52, 1.68
472, 416.402, 1915.868, 11.52, -1.12
473, 418.493, 228.015, -8.96, 4.48
474, 421.502, 924.027, -0.32, 2.8
475, 422.931, 510.0, -5.44, 3.92
476, 423.31, 1106.393, 1.92, 2.24
477, 424.219, 1558.212, 7.36, 0.56
478, 424.317, 741.435, -2.56, 3.36
479, 424.817, 1693.296, 8.96, 0
480, 425.312, 1423.491, 5.76, 1.12
481, 427.583, 1829.249, 10.56, -0.56
482, 425.336, 277.4, -8.32, 4.48
483, 429.441, 1289.334, 4.16, 1.68
484, 431.56, 559.093, -4.8, 3.92
485, 433.115, 973.076, 0.32, 2.8
486, 435.185, 790.728, -1.92, 3.36
487, 435.977, 1155.621, 2.56, 2.24
488, 434.222, 1966.138, 12.16, -1.12
489, 433.055, 326.985, -7.68, 4.48
490, 439.952, 1473.074, 6.4, 1.12
491, 439.538, 1607.867, 8.0, 0.56
492, 440.241, 608.174, -4.16, 3.92
493, 441.626, 1743.192, 9.6, 0
494, 438.605, 43.814, -11.2, 5.04
495, 443.781, 1338.811, 4.8, 1.68
496, 441.61, 376.191, -7.04, 4.48
497, 444.178, 1022.155, 0.96, 2.8
498, 445.649, 839.82, -1.28, 3.36
499, 445.142, 1879.288, 11.2, -0.56
500, 443.954, 93.266, -10.56, 5.04
501, 448.588, 1204.93, 3.2, 2.24
502, 448.988, 657.26, -3.52, 3.92
503, 449.919, 425.351, -6.4, 4.48
504, 449.415, 143.089, -9.92, 5.04
505, 451.77, 2016.396, 12.8, -1.12
506, 454.32, 1522.343, 7.04, 1.12
507, 454.838, 1657.319, 8.64, 0.56
508, 455.72, 888.862, -0.64, 3.36
509, 456.547, 1071.21, 1.6, 2.8
510, 457.028, 1388.098, 5.44, 1.68
511, 457.925, 1793.119, 10.24, 0
512, 458.812, 474.861, -5.76, 4.48
513, 458.897, 706.323, -2.88, 3.92
514, 455.683, 192.758, -9.28, 5.04
515, 461.208, 1254.063, 3.84, 2.24
516, 462.045, 1929.411, 11.84, -0.56
517, 462.646, 242.138, -8.64, 5.04
518, 466.965, 524.007, -5.12, 4.48
519, 466.56, 937.909, 3.33066907388e-16, 3.36
520, 468.452, 1120.277, 2.24, 2.8
521, 468.706, 755.356, -2.24, 3.92
522, 470.301, 1572.049, 7.68, 1.12
523, 470.733, 1437.286, 6.08, 1.68
524, 471.771, 1707.157, 9.28, 0.56
525, 470.214, 291.735, -8.0, 5.04
526, 475.236, 1303.209, 4.48, 2.24
527, 474.503, 1843.084, 10.88, 0
528, 475.465, 573.09, -4.48, 4.48
529, 477.97, 986.975, 0.64, 3.36
530, 477.811, 341.081, -7.36, 5.04
531, 479.328, 804.392, -1.6, 3.92
532, 475.961, 8.182, -11.2, 6.16
533, 481.157, 1169.346, 2.88, 2.8
534, 480.469, 1979.9, 12.48, -0.56
535, 482.074, 58.083, -10.88, 5.6
536, 484.446, 622.167, -3.84, 4.48
537, 485.683, 1486.855, 6.72, 1.68
538, 485.153, 1621.398, 8.32, 1.12
539, 485.915, 390.239, -6.72, 5.04
540, 488.112, 1757.012, 9.92, 0.56
541, 488.783, 1352.37, 5.12, 2.24
542, 489.464, 853.434, -0.96, 3.92
543, 489.773, 1036.053, 1.28, 3.36
544, 487.783, 107.903, -10.24, 5.6
545, 492.007, 1893.162, 11.52, 0
546, 494.197, 1218.487, 3.52, 2.8
547, 493.59, 671.221, -3.2, 4.48
548, 495.266, 439.694, -6.08, 5.04
549, 493.962, 157.257, -9.6, 5.6
550, 500.353, 902.431, -0.32, 3.92
551, 500.521, 1536.207, 7.36, 1.68
552, 501.363, 1085.1, 1.92, 3.36
553, 501.917, 1671.191, 8.96, 1.12
554, 499.317, 2030.238, 13.12, -0.56
555, 502.721, 1401.89, 5.76, 2.24
556, 500.325, 207.007, -8.96, 5.6
557, 502.776, 488.891, -5.44, 5.04
558, 503.452, 720.262, -2.56, 4.48
559, 504.816, 1806.908, 10.56, 0.56
560, 507.583, 1267.876, 4.16, 2.8
561, 506.837, 256.466, -8.32, 5.6
562, 509.508, 1943.274, 12.16, 0
563, 511.38, 538.025, -4.8, 5.04
564, 512.19, 951.794, 0.32, 3.92
565, 513.585, 769.281, -1.92, 4.48
566, 514.425, 1134.161, 2.56, 3.36
567, 514.55, 305.958, -7.68, 5.6
568, 516.399, 1585.652, 8.0, 1.68
569, 516.925, 1451.148, 6.4, 2.24
570, 518.297, 1720.993, 9.6, 1.12
571, 519.634, 587.084, -4.16, 5.04
572, 520.955, 1317.074, 4.8, 2.8
573, 520.979, 1856.902, 11.2, 0.56
574, 521.058, 22.849, -10.88, 6.72
575, 523.685, 1000.837, 0.96, 3.92
576, 522.013, 355.153, -7.04, 5.6
577, 524.208, 818.298, -1.28, 4.48
578, 527.349, 1183.229, 3.2, 3.36
579, 525.813, 72.31, -10.56, 6.16
580, 528.598, 636.142, -3.52, 5.04
581, 528.541, 1993.616, 12.8, 0
582, 530.885, 404.32, -6.4, 5.6
583, 531.601, 1500.41, 7.04, 2.24
584, 532.046, 1635.278, 8.64, 1.68
585, 532.219, 122.094, -9.92, 6.16
586, 534.504, 867.319, -0.64, 4.48
587, 534.987, 1366.234, 5.44, 2.8
588, 534.838, 1770.651, 10.24, 1.12
589, 535.499, 1049.929, 1.6, 3.92
590, 539.244, 453.783, -5.76, 5.6
591, 538.667, 685.187, -2.88, 5.04
592, 539.754, 1232.316, 3.84, 3.36
593, 539.022, 1906.993, 11.84, 0.56
594, 539.073, 171.856, -9.28, 6.16
595, 545.663, 916.339, 1.11022302463e-16, 4.48
596, 544.574, 221.149, -8.64, 6.16
597, 547.154, 1098.987, 2.24, 3.92
598, 547.8, 1550.083, 7.68, 2.24
599, 547.951, 502.914, -5.12, 5.6
600, 548.507, 1415.437, 6.08, 2.8
601, 548.734, 1685.039, 9.28, 1.68
602, 552.155, 2043.86, 13.44, 0
603, 548.678, 734.199, -2.24, 5.04
604, 550.81, 1820.476, 10.88, 1.12
605, 553.471, 1281.462, 4.48, 3.36
606, 552.724, 270.793, -8.0, 6.16
607, 556.107, 552.002, -4.48, 5.6
608, 556.987, 965.383, 0.64, 4.48
609, 557.489, 1957.146, 12.48, 0.56
610, 558.359, 783.226, -1.6, 5.04
611, 560.871, 1148.047, 2.88, 3.92
612, 559.202, 320.026, -7.36, 6.16
613, 562.389, 1599.394, 8.32, 2.24
614, 563.382, 1464.993, 6.72, 2.8
615, 564.893, 1734.638, 9.92, 1.68
616, 565.053, 601.074, -3.84, 5.6
617, 567.681, 1330.918, 5.12, 3.36
618, 564.608, 37.095, -10.56, 7.28
619, 566.941, 369.198, -6.72, 6.16
620, 568.971, 1014.411, 1.28, 4.48
621, 569.131, 832.229, -0.96, 5.04
622, 569.367, 1870.624, 11.52, 1.12
623, 573.478, 1197.119, 3.52, 3.92
624, 570.807, 86.928, -10.24, 6.72
625, 573.749, 650.111, -3.2, 5.6
626, 576.032, 418.383, -6.08, 6.16
627, 575.299, 2007.362, 13.12, 0.56
628, 576.392, 136.242, -9.6, 6.72
629, 578.57, 1514.271, 7.36, 2.8
630, 579.89, 1649.163, 8.96, 2.24
631, 579.986, 881.241, -0.32, 5.04
632, 582.447, 1063.743, 1.92, 4.48
633, 581.297, 1380.118, 5.76, 3.36
634, 581.343, 1784.419, 10.56, 1.68
635, 584.464, 467.812, -5.44, 6.16
636, 584.181, 699.135, -2.56, 5.6
637, 583.495, 186.0, -8.96, 6.72
638, 586.444, 1246.199, 4.16, 3.92
639, 586.528, 1920.757, 12.16, 1.12
640, 589.535, 235.242, -8.32, 6.72
641, 591.071, 930.275, 0.32, 5.04
642, 593.085, 516.949, -4.8, 6.16
643, 594.374, 1112.799, 2.56, 4.48
644, 593.656, 748.147, -1.92, 5.6
645, 594.525, 1563.917, 8.0, 2.8
646, 595.428, 1698.798, 9.6, 2.24
647, 596.039, 1429.291, 6.4, 3.36
648, 597.604, 284.904, -7.68, 6.72
649, 598.542, 1834.357, 11.2, 1.68
650, 600.09, 1295.303, 4.8, 3.92
651, 601.447, 566.005, -4.16, 6.16
652, 603.764, 979.288, 0.96, 5.04
653, 603.993, 797.173, -1.28, 5.6
654, 603.933, 334.101, -7.04, 6.72
655, 605.409, 1971.06, 12.8, 1.12
657, 606.831, 1161.896, 3.2, 4.48
658, 609.834, 1613.281, 8.64, 2.8
659, 610.432, 615.033, -3.52, 6.16
660, 610.405, 1478.822, 7.04, 3.36
661, 609.373, 51.301, -10.24, 7.84
662, 611.457, 1748.399, 10.24, 2.24
663, 611.854, 383.255, -6.4, 6.72
664, 615.201, 1344.62, 5.44, 3.92
665, 615.467, 1028.346, 1.6, 5.04
666, 615.207, 846.18, -0.64, 5.6
667, 615.173, 101.067, -9.92, 7.28
668, 616.132, 1884.365, 11.84, 1.68
669, 619.754, 1211.006, 3.84, 4.48
670, 620.014, 664.077, -2.88, 6.16
671, 621.421, 432.709, -5.76, 6.72
672, 622.169, 150.827, -9.28, 7.28
673, 623.73, 2021.294, 13.44, 1.12
674, 626.226, 1528.154, 7.68, 3.36
675, 626.445, 895.18, -3.33066907388e-16, 5.6
676, 627.369, 1663.039, 9.28, 2.8
677, 627.713, 1077.395, 2.24, 5.04
678, 628.511, 1393.973, 6.08, 3.92
679, 629.345, 1798.323, 10.88, 2.24
680, 627.96, 200.107, -8.64, 7.28
681, 629.695, 481.852, -5.12, 6.72
682, 630.364, 713.097, -2.24, 6.16
683, 633.691, 1260.109, 4.48, 4.48
684, 634.344, 1934.5, 12.48, 1.68
685, 634.958, 249.611, -8.0, 7.28
686, 637.867, 944.18, 0.64, 5.6
687, 638.247, 530.937, -4.48, 6.72
688, 640.683, 1126.469, 2.88, 5.04
689, 640.504, 762.121, -1.6, 6.16
690, 642.357, 1577.636, 8.32, 3.36
691, 642.377, 299.005, -7.36, 7.28
692, 643.896, 1443.198, 6.72, 3.92
693, 642.809, 1712.513, 9.92, 2.8
694, 647.599, 1309.213, 5.12, 4.48
695, 646.168, 1848.276, 11.52, 2.24
696, 647.1, 579.979, -3.84, 6.72
697, 650.148, 993.193, 1.28, 5.6
698, 649.438, 348.158, -6.72, 7.28
699, 651.066, 811.119, -0.96, 6.16
700, 649.243, 16.052, -10.24, 8.96
701, 654.132, 1175.621, 3.52, 5.04
702, 652.993, 1984.909, 13.12, 1.68
703, 655.111, 65.886, -9.92, 8.4
704, 656.478, 629.007, -3.2, 6.72
705, 657.987, 1492.419, 7.36, 3.92
706, 658.642, 1627.2, 8.96, 3.36
707, 657.925, 397.308, -6.08, 7.28
708, 660.219, 1762.313, 10.56, 2.8
709, 661.577, 1358.364, 5.76, 4.48
710, 660.11, 115.227, -9.6, 7.84
711, 661.914, 860.129, -0.32, 6.16
712, 662.512, 1042.249, 1.92, 5.6
713, 664.591, 1898.305, 12.16, 2.24
714, 667.017, 1224.827, 4.16, 5.04
715, 667.202, 446.756, -5.44, 7.28
716, 666.81, 678.023, -2.56, 6.72
717, 666.552, 164.962, -8.96, 7.84
718, 673.411, 909.123, 0.32, 6.16
719, 674.802, 1091.276, 2.56, 5.6
720, 674.312, 1542.101, 8.0, 3.92
721, 674.92, 1676.875, 9.6, 3.36
722, 672.515, 2035.246, 13.76, 1.68
723, 673.276, 214.207, -8.32, 7.84
724, 675.64, 495.857, -4.8, 7.28
725, 676.235, 1407.782, 6.4, 4.48
726, 677.082, 727.053, -1.92, 6.72
727, 677.857, 1812.247, 11.2, 2.8
728, 680.748, 1273.978, 4.8, 5.04
729, 680.881, 263.855, -7.68, 7.84
730, 682.529, 1948.4, 12.8, 2.24
731, 684.123, 544.939, -4.16, 7.28
732, 685.081, 958.113, 0.96, 6.16
733, 688.108, 776.073, -1.28, 6.72
734, 687.896, 1140.312, 3.2, 5.6
735, 687.552, 313.046, -7.04, 7.84
736, 689.831, 1591.398, 8.64, 3.92
737, 691.35, 1457.092, 7.04, 4.48
738, 690.386, 1726.39, 10.24, 3.36
739, 693.414, 593.963, -3.52, 7.28
740, 694.482, 1323.125, 5.44, 5.04
741, 693.637, 30.232, -9.92, 9.52
742, 695.555, 362.189, -6.4, 7.84
743, 695.304, 1862.207, 11.84, 2.8
744, 697.217, 1007.116, 1.6, 6.16
745, 699.087, 825.063, -0.64, 6.72
746, 701.714, 1189.42, 3.84, 5.6
747, 699.65, 80.029, -9.6, 8.96
748, 702.698, 642.978, -2.88, 7.28
749, 703.81, 411.376, -5.76, 7.84
750, 702.156, 1998.816, 13.44, 2.24
751, 706.095, 1506.32, 7.68, 4.48
752, 706.607, 1641.134, 9.28, 3.92
753, 705.523, 129.604, -9.28, 8.4
754, 708.476, 1776.261, 10.88, 3.36
755, 709.584, 874.073, -7.77156117238e-16, 6.72
756, 709.374, 1056.157, 2.24, 6.16
757, 709.435, 1372.27, 6.08, 5.04
758, 713.665, 460.771, -5.12, 7.84
759, 713.786, 691.989, -2.24, 7.28
760, 712.311, 179.073, -8.64, 8.4
761, 715.299, 1238.604, 4.48, 5.6
762, 713.384, 1912.254, 12.48, 2.8
763, 718.909, 228.439, -8.0, 8.4
764, 719.911, 923.014, 0.64, 6.72
765, 721.351, 509.854, -4.48, 7.84
766, 721.995, 1105.188, 2.88, 6.16
767, 699.5, 2045.0, 14.08, 2.24
768, 722.383, 1555.985, 8.32, 4.48
769, 724.695, 741.0, -1.6, 7.28
770, 723.399, 1421.442, 6.72, 5.04
771, 724.284, 1690.664, 9.92, 3.92
772, 726.519, 277.912, -7.36, 8.4
773, 726.348, 1826.192, 11.52, 3.36
774, 728.421, 1287.833, 5.12, 5.6
775, 730.125, 558.914, -3.84, 7.84
776, 732.19, 972.004, 1.28, 6.72
777, 732.143, 1962.384, 13.12, 2.8
778, 735.184, 789.977, -0.96, 7.28
779, 735.196, 1154.231, 3.52, 6.16
780, 733.939, 327.099, -6.72, 8.4
781, 738.121, 1605.302, 8.96, 4.48
782, 739.293, 1470.994, 7.36, 5.04
783, 739.764, 607.904, -3.2, 7.84
784, 740.159, 1740.328, 10.56, 3.92
785, 739.953, 44.759, -9.6, 10.08
786, 741.01, 376.238, -6.08, 8.4
787, 743.523, 1337.029, 5.76, 5.6
788, 744.28, 1021.05, 1.92, 6.72
789, 747.121, 838.98, -0.32, 7.28
790, 744.726, 1876.186, 12.16, 3.36
791, 745.225, 94.165, -9.28, 9.52
792, 748.584, 1203.278, 4.16, 6.16
793, 750.024, 656.934, -2.56, 7.84
794, 750.406, 425.508, -5.44, 8.4
795, 751.759, 143.873, -8.96, 8.96
796, 751.53, 2012.798, 13.76, 2.8
797, 754.435, 1520.268, 8.0, 5.04
798, 756.155, 1655.083, 9.6, 4.48
799, 756.873, 887.937, 0.32, 7.28
800, 757.354, 1070.058, 2.56, 6.72
801, 757.841, 1386.187, 6.4, 5.6
802, 757.73, 1790.237, 11.2, 3.92
803, 757.651, 193.143, -8.32, 8.96
804, 759.514, 474.782, -4.8, 8.4
805, 761.044, 705.93, -1.92, 7.84
806, 762.659, 1252.389, 4.8, 6.16
807, 763.044, 1926.245, 12.8, 3.36
808, 765.633, 242.732, -7.68, 8.96
809, 768.3, 523.846, -4.16, 8.4
810, 768.178, 936.905, 0.96, 7.28
811, 769.735, 1119.099, 3.2, 6.72
812, 771.537, 754.901, -1.28, 7.84
813, 771.306, 1569.864, 8.64, 5.04
814, 771.91, 1435.362, 7.04, 5.6
815, 772.575, 1704.626, 10.24, 4.48
816, 772.585, 291.98, -7.04, 8.96
817, 777.279, 1301.618, 5.44, 6.16
818, 776.204, 1840.182, 11.84, 3.92
819, 777.102, 572.865, -3.52, 8.4
820, 780.038, 985.912, 1.6, 7.28
821, 779.843, 341.128, -6.4, 8.96
822, 782.985, 803.89, -0.64, 7.84
823, 779.713, 9.131, -9.6, 11.2
824, 783.275, 1168.146, 3.84, 6.72
825, 781.532, 1976.39, 13.44, 3.36
826, 785.685, 58.93, -9.28, 10.64
827, 786.674, 621.885, -2.88, 8.4
828, 787.444, 1484.907, 7.68, 5.6
829, 788.327, 1619.276, 9.28, 5.04
830, 787.993, 390.251, -5.76, 8.96
831, 789.349, 1754.304, 10.88, 4.48
832, 790.911, 1350.901, 6.08, 6.16
833, 793.921, 852.885, -7.77156117238e-16, 7.84
834, 792.333, 1034.932, 2.24, 7.28
835, 790.864, 108.314, -8.96, 10.08
836, 794.013, 1890.172, 12.48, 3.92
837, 796.908, 1217.214, 4.48, 6.72
838, 796.727, 439.403, -5.12, 8.96
839, 797.071, 670.874, -2.24, 8.4
840, 797.809, 157.963, -8.64, 9.52
841, 804.781, 901.817, 0.64, 7.84
842, 804.456, 1534.217, 8.32, 5.6
843, 804.988, 1669.011, 9.92, 5.04
844, 801.499, 2026.879, 14.08, 3.36
845, 805.05, 1083.958, 2.88, 7.28
846, 806.028, 1400.131, 6.72, 6.16
847, 804.445, 207.245, -8.0, 9.52
848, 806.799, 488.747, -4.48, 8.96
849, 807.745, 719.832, -1.6, 8.4
850, 807.719, 1804.217, 11.52, 4.48
851, 810.971, 1266.29, 5.12, 6.72
852, 812.276, 256.817, -7.36, 9.52
853, 812.689, 1940.263, 13.12, 3.92
854, 814.77, 537.807, -3.84, 8.96
855, 816.341, 950.765, 1.28, 7.84
856, 818.606, 768.768, -0.96, 8.4
857, 818.066, 1133.015, 3.52, 7.28
858, 820.561, 1583.638, 8.96, 5.6
859, 819.268, 306.016, -6.72, 9.52
860, 820.803, 1449.307, 7.36, 6.16
861, 821.668, 1718.619, 10.56, 5.04
862, 824.173, 586.814, -3.2, 8.96
863, 824.734, 1315.434, 5.76, 6.72
864, 825.616, 1854.184, 12.16, 4.48
865, 828.506, 999.638, 1.92, 7.84
866, 826.186, 23.327, -9.28, 11.76
867, 827.015, 355.153, -6.08, 9.52
868, 830.063, 817.804, -0.32, 8.4
869, 831.901, 1182.057, 4.16, 7.28
870, 831.158, 73.052, -8.96, 11.2
871, 831.317, 1990.423, 13.76, 3.92
872, 834.002, 635.806, -2.56, 8.96
873, 834.91, 404.27, -5.44, 9.52
874, 837.361, 1498.635, 8.0, 6.16
875, 837.881, 1633.254, 9.6, 5.6
876, 839.085, 1768.292, 11.2, 5.04
877, 839.761, 1364.653, 6.4, 6.72
878, 838.314, 122.714, -8.64, 10.64
879, 841.202, 866.632, 0.32, 8.4
880, 840.869, 1048.822, 2.56, 7.84
881, 844.923, 453.533, -4.8, 9.52
882, 844.255, 684.754, -1.92, 8.96
883, 845.759, 1231.141, 4.8, 7.28
884, 844.031, 1904.199, 12.8, 4.48
885, 844.131, 172.043, -8.32, 10.08
886, 852.836, 915.611, 0.96, 8.4
887, 850.919, 221.327, -7.68, 10.08
888, 853.472, 1097.845, 3.2, 7.84
889, 853.386, 1548.178, 8.64, 6.16
890, 853.693, 502.569, -4.16, 9.52
891, 854.844, 1414.049, 7.04, 6.72
892, 855.039, 1682.976, 10.24, 5.6
893, 851.731, 2040.999, 14.4, 3.92
894, 855.828, 733.612, -1.28, 8.96
895, 857.38, 1818.221, 11.84, 5.04
896, 859.697, 1280.226, 5.44, 7.28
897, 858.875, 270.852, -7.04, 10.08
898, 862.841, 551.701, -3.52, 9.52
899, 864.776, 964.593, 1.6, 8.4
900, 862.624, 1954.288, 13.44, 4.48
901, 866.374, 782.598, -0.64, 8.96
902, 866.054, 1146.882, 3.84, 7.84
903, 865.95, 320.03, -6.4, 10.08
904, 870.505, 1463.252, 7.68, 6.72
905, 870.898, 1597.647, 9.28, 6.16
906, 870.78, 1732.501, 10.88, 5.6
907, 871.988, 600.602, -2.88, 9.52
908, 874.128, 1329.359, 6.08, 7.28
909, 872.152, 37.742, -8.96, 12.32
910, 873.671, 369.153, -5.76, 10.08
911, 877.073, 1013.598, 2.24, 8.4
912, 875.315, 1868.201, 12.48, 5.04
913, 877.743, 831.603, 1.11022302463e-16, 8.96
914, 877.93, 87.152, -8.64, 11.76
915, 879.836, 1195.948, 4.48, 7.84
916, 882.634, 649.601, -2.24, 9.52
917, 882.405, 418.281, -5.12, 10.08
918, 882.501, 2004.633, 14.08, 4.48
919, 886.743, 1512.613, 8.32, 6.72
920, 886.686, 1647.246, 9.92, 6.16
921, 884.754, 136.811, -8.32, 11.2
922, 889.595, 880.589, 0.64, 8.96
923, 889.247, 1062.616, 2.88, 8.4
924, 889.054, 1378.624, 6.72, 7.28
925, 888.766, 1782.296, 11.52, 5.6
926, 890.721, 186.109, -8.0, 10.64
927, 891.364, 467.38, -4.48, 10.08
928, 893.005, 698.595, -1.6, 9.52
929, 894.598, 1245.069, 5.12, 7.84
930, 894.03, 1918.234, 13.12, 5.04
931, 898.632, 235.413, -7.36, 10.64
932, 900.478, 929.443, 1.28, 8.96
933, 902.581, 1111.623, 3.52, 8.4
934, 901.369, 516.553, -3.84, 10.08
935, 903.781, 747.578, -0.96, 9.52
936, 903.06, 1562.157, 8.96, 6.72
937, 904.777, 1427.991, 7.36, 7.28
938, 904.171, 1696.935, 10.56, 6.16
939, 905.658, 284.876, -6.72, 10.64
940, 907.296, 1832.246, 12.16, 5.6
941, 909.058, 1294.18, 5.76, 7.84
942, 910.41, 565.576, -3.2, 10.08
943, 912.575, 978.443, 1.92, 8.96
944, 912.585, 334.044, -6.08, 10.64
945, 915.257, 796.581, -0.32, 9.52
946, 915.925, 1160.647, 4.16, 8.4
947, 913.628, 1968.376, 13.76, 5.04
949, 920.258, 1611.638, 9.6, 6.72
950, 920.12, 1477.234, 8.0, 7.28
951, 920.561, 614.588, -2.56, 10.08
952, 919.527, 51.885, -8.64, 12.88
953, 921.936, 1746.613, 11.2, 6.16
954, 921.229, 383.176, -5.44, 10.64
955, 923.355, 1343.32, 6.4, 7.84
956, 926.223, 845.563, 0.32, 9.52
957, 925.883, 1027.58, 2.56, 8.96
958, 926.11, 1882.248, 12.8, 5.6
959, 925.04, 101.241, -8.32, 12.32
960, 929.2, 1209.848, 4.8, 8.4
961, 930.849, 663.568, -1.92, 10.08
962, 929.963, 432.257, -4.8, 10.64
963, 931.671, 150.887, -8.0, 11.76
964, 933.246, 2018.673, 14.4, 5.04
965, 937.456, 1526.632, 8.64, 7.28
966, 937.33, 894.441, 0.96, 9.52
967, 938.503, 1076.583, 3.2, 8.96
968, 936.805, 1661.251, 10.24, 6.72
969, 939.291, 1392.611, 7.04, 7.84
970, 938.1, 200.149, -7.68, 11.2
971, 938.821, 481.344, -4.16, 10.64
972, 939.012, 1796.346, 11.84, 6.16
973, 941.653, 712.577, -1.28, 10.08
974, 943.228, 1258.986, 5.44, 8.4
975, 945.04, 1932.331, 13.44, 5.6
976, 946.655, 249.533, -7.04, 11.2
977, 948.64, 943.337, 1.6, 9.52
978, 949.795, 530.538, -3.52, 10.64
979, 951.853, 1125.595, 3.84, 8.96
980, 952.81, 761.552, -0.64, 10.08
981, 952.909, 1576.159, 9.28, 7.28
982, 954.415, 1441.974, 7.68, 7.84
983, 953.764, 298.888, -6.4, 11.2
984, 954.395, 1710.981, 10.88, 6.72
985, 958.69, 1308.125, 6.08, 8.4
986, 959.481, 579.55, -2.88, 10.64
987, 958.037, 1846.311, 12.48, 6.16
988, 961.077, 992.324, 2.24, 9.52
989, 960.275, 16.252, -8.64, 14.0
990, 960.989, 348.038, -5.76, 11.2
991, 963.227, 810.397, 9.99200722163e-16, 10.08
992, 965.84, 1174.626, 4.48, 8.96
993, 965.171, 1982.621, 14.08, 5.6
994, 966.084, 65.978, -8.32, 13.44
995, 969.159, 628.542, -2.24, 10.64
996, 970.368, 1491.237, 8.32, 7.84
997, 969.954, 1625.639, 9.92, 7.28
998, 969.455, 397.162, -5.12, 11.2
999, 973.606, 1357.27, 6.72, 8.4
1000, 972.818, 1760.637, 11.52, 6.72
1001, 974.57, 859.367, 0.64, 10.08
1002, 974.031, 1041.373, 2.88, 9.52
1003, 972.668, 115.345, -8.0, 12.88
1004, 976.644, 1896.341, 13.12, 6.16
1005, 979.102, 677.532, -1.6, 10.64
1006, 979.092, 1223.662, 5.12, 8.96
1007, 978.001, 446.218, -4.48, 11.2
1008, 979.36, 164.941, -7.68, 12.32
1009, 986.442, 908.314, 1.28, 10.08
1010, 986.68, 1540.631, 8.96, 7.84
1011, 987.568, 1090.402, 3.52, 9.52
1012, 987.364, 1675.274, 10.56, 7.28
1013, 985.571, 2033.012, 14.72, 5.6
1014, 986.33, 214.183, -7.36, 11.76
1015, 987.638, 495.31, -3.84, 11.2
1016, 990.278, 1406.596, 7.36, 8.4
1017, 990.225, 726.42, -0.96, 10.64
1018, 990.086, 1810.43, 12.16, 6.72
1019, 993.833, 1272.905, 5.76, 8.96
1020, 994.614, 263.547, -6.72, 11.76
1021, 996.187, 1946.492, 13.76, 6.16
1022, 997.535, 544.348, -3.2, 11.2
1023, 998.071, 957.269, 1.92, 10.08
1024, 1000.792, 775.352, -0.32, 10.64
1025, 1001.913, 1139.576, 4.16, 9.52
1026, 1001.948, 312.897, -6.08, 11.76
1027, 1003.912, 1590.19, 9.6, 7.84
1028, 1005.215, 1455.924, 8.0, 8.4
1029, 1005.808, 1725.052, 11.2, 7.28
1030, 1007.13, 593.374, -2.56, 11.2
1031, 1008.906, 1322.105, 6.4, 8.96
1032, 1008.132, 1860.394, 12.8, 6.72
1033, 1009.147, 30.497, -8.32, 14.56
1034, 1009.757, 362.036, -5.44, 11.76
1035, 1010.743, 1006.253, 2.56, 10.08
1036, 1011.894, 824.322, 0.32, 10.64
1037, 1015.695, 1188.602, 4.8, 9.52
1038, 1014.197, 80.041, -8.0, 14.0
1039, 1017.274, 642.386, -1.92, 11.2
1040, 1017.342, 1996.814, 14.4, 6.16
1041, 1017.732, 411.126, -4.8, 11.76
1042, 1021.371, 1505.253, 8.64, 8.4
1043, 1021.12, 1639.659, 10.24, 7.84
1044, 1021.784, 129.534, -7.68, 13.44
1045, 1023.788, 873.272, 0.96, 10.64
1046, 1023.906, 1055.314, 3.2, 10.08
1047, 1024.371, 1371.266, 7.04, 8.96
1048, 1022.988, 1774.662, 11.84, 7.28
1049, 1026.645, 460.192, -4.16, 11.76
1050, 1028.2, 691.338, -1.28, 11.2
1051, 1029.245, 1237.637, 5.44, 9.52
1052, 1027.218, 178.975, -7.36, 12.88
1053, 1029.325, 1910.603, 13.44, 6.72
1054, 1032.0, 2045.0, 15.04, 6.16
1055, 1034.191, 228.197, -7.04, 12.32
1056, 1035.44, 922.232, 1.6, 10.64
1057, 1037.159, 1104.348, 3.84, 10.08
1058, 1036.304, 509.255, -3.52, 11.76
1059, 1037.715, 1554.646, 9.28, 8.4
1060, 1038.954, 740.306, -0.64, 11.2
1061, 1040.896, 1420.597, 7.68, 8.96
1062, 1039.057, 1689.329, 10.88, 7.84
1063, 1042.597, 1824.642, 12.48, 7.28
1064, 1042.919, 277.545, -6.4, 12.32
1065, 1044.432, 1286.858, 6.08, 9.52
1066, 1046.075, 558.3, -2.88, 11.76
1067, 1048.507, 971.224, 2.24, 10.64
1068, 1050.013, 789.267, 1.88737914186e-15, 11.2
1069, 1048.963, 1960.683, 14.08, 6.72
1070, 1051.612, 1153.412, 4.48, 10.08
1071, 1050.879, 326.874, -5.76, 12.32
1072, 1055.343, 1604.216, 9.92, 8.4
1073, 1056.146, 1469.964, 8.32, 8.96
1074, 1056.091, 607.297, -2.24, 11.76
1075, 1057.237, 1739.137, 11.52, 7.84
1076, 1057.242, 44.519, -8.0, 15.12
1077, 1059.344, 1336.087, 6.72, 9.52
1078, 1058.47, 376.007, -5.12, 12.32
1079, 1060.744, 1020.218, 2.88, 10.64
1080, 1061.809, 838.243, 0.64, 11.2
1081, 1061.723, 1874.637, 13.12, 7.28
1082, 1062.569, 94.075, -7.68, 14.56
1083, 1066.492, 1202.589, 5.12, 10.08
1084, 1066.08, 656.279, -1.6, 11.76
1085, 1066.645, 425.083, -4.48, 12.32
1086, 1069.394, 2011.156, 14.72, 6.72
1087, 1070.331, 143.543, -7.36, 14.0
1088, 1072.543, 1519.268, 8.96, 8.96
1089, 1072.623, 1653.8, 10.56, 8.4
1090, 1073.598, 887.201, 1.28, 11.2
1091, 1074.802, 1385.251, 7.36, 9.52
1092, 1074.408, 1069.248, 3.52, 10.64
1093, 1075.69, 1788.989, 12.16, 7.84
1094, 1075.742, 474.153, -3.84, 12.32
1095, 1075.477, 192.998, -7.04, 13.44
1096, 1077.826, 705.271, -0.96, 11.76
1097, 1080.991, 1251.634, 5.76, 10.08
1098, 1080.918, 1924.684, 13.76, 7.28
1099, 1082.952, 242.22, -6.72, 12.88
1100, 1085.544, 936.177, 1.92, 11.2
1101, 1085.305, 523.201, -3.2, 12.32
1102, 1088.405, 754.226, -0.32, 11.76
1103, 1088.133, 1118.289, 4.16, 10.64
1104, 1089.141, 1568.657, 9.6, 8.96
1105, 1092.159, 1434.604, 8.0, 9.52
1106, 1090.841, 1703.449, 11.2, 8.4
1107, 1092.373, 291.543, -6.08, 12.88
1108, 1094.978, 1300.799, 6.4, 10.08
1109, 1093.89, 1838.814, 12.8, 7.84
1110, 1095.747, 572.235, -2.56, 12.32
1111, 1098.55, 985.17, 2.56, 11.2
1112, 1100.359, 803.201, 0.32, 11.76
1113, 1099.166, 340.854, -5.44, 12.88
1114, 1098.698, 9.049, -8.0, 16.24
1115, 1102.403, 1167.352, 4.8, 10.64
1116, 1101.458, 1975.105, 14.4, 7.28
1117, 1106.101, 621.231, -1.92, 12.32
1118, 1107.405, 1484.004, 8.64, 9.52
1119, 1107.015, 1618.284, 10.24, 8.96
1120, 1105.902, 58.675, -7.68, 15.68
1121, 1107.639, 389.969, -4.8, 12.88
1122, 1108.877, 1753.248, 11.84, 8.4
1123, 1111.059, 1350.082, 7.04, 10.08
1124, 1112.434, 852.195, 0.96, 11.76
1125, 1111.713, 1034.187, 3.2, 11.2
1126, 1111.068, 108.136, -7.36, 15.12
1127, 1114.031, 1888.941, 13.44, 7.84
1128, 1117.239, 1216.577, 5.44, 10.64
1129, 1116.074, 670.211, -1.28, 12.32
1130, 1116.133, 439.047, -4.16, 12.88
1131, 1119.318, 157.552, -7.04, 14.56
1132, 1123.639, 901.14, 1.6, 11.76
1133, 1124.334, 1533.329, 9.28, 9.52
1134, 1122.212, 2025.395, 15.04, 7.28
1135, 1124.921, 1083.207, 3.84, 11.2
1136, 1125.477, 1668.013, 10.88, 8.96
1137, 1125.189, 206.994, -6.72, 14.0
1138, 1125.484, 488.1, -3.52, 12.88
1139, 1126.888, 1399.271, 7.68, 10.08
1140, 1127.519, 719.205, -0.64, 12.32
1141, 1128.786, 1803.171, 12.48, 8.4
1142, 1132.141, 1265.626, 6.08, 10.64
1143, 1131.848, 256.193, -6.4, 13.44
1144, 1134.055, 1939.126, 14.08, 7.84
1145, 1135.644, 537.147, -2.88, 12.88
1146, 1136.483, 950.12, 2.24, 11.76
1147, 1139.184, 768.149, 2.77555756156e-15, 12.32
1148, 1138.947, 1132.259, 4.48, 11.2
1149, 1141.999, 305.53, -5.76, 13.44
1150, 1143.295, 1448.614, 8.32, 10.08
1151, 1142.173, 1582.94, 9.92, 9.52
1152, 1143.272, 1717.64, 11.52, 8.96
1153, 1145.529, 586.153, -2.24, 12.88
1154, 1146.659, 1314.863, 6.72, 10.64
1155, 1147.57, 1853.142, 13.12, 8.4
1156, 1147.788, 23.094, -7.68, 16.8
1157, 1149.382, 999.114, 2.88, 11.76
1158, 1149.545, 354.796, -5.12, 13.44
1159, 1150.224, 817.121, 0.64, 12.32
1160, 1153.772, 1181.342, 5.12, 11.2
1161, 1154.411, 1989.34, 14.72, 7.84
1162, 1154.491, 72.76, -7.36, 16.24
1163, 1155.718, 635.157, -1.6, 12.88
1164, 1157.271, 403.915, -4.48, 13.44
1165, 1159.481, 1632.423, 10.56, 9.52
1166, 1160.09, 1498.084, 8.96, 10.08
1167, 1162.664, 1364.111, 7.36, 10.64
1168, 1161.713, 1767.409, 12.16, 8.96
1169, 1160.236, 122.137, -7.04, 15.68
1170, 1162.341, 866.109, 1.28, 12.32
1171, 1162.78, 1048.154, 3.52, 11.76
1172, 1166.729, 684.157, -0.96, 12.88
1173, 1166.656, 452.999, -3.84, 13.44
1174, 1169.241, 1230.577, 5.76, 11.2
1175, 1167.409, 1903.217, 13.76, 8.4
1176, 1168.638, 171.551, -6.72, 15.12
1177, 1174.859, 915.083, 1.92, 12.32
1178, 1177.034, 1097.194, 4.16, 11.76
1179, 1177.81, 1547.574, 9.6, 10.08
1180, 1174.829, 220.978, -6.4, 14.56
1181, 1175.909, 502.049, -3.2, 13.44
1182, 1178.082, 733.134, -0.32, 12.88
1183, 1178.385, 1413.313, 8.0, 10.64
1184, 1177.83, 1682.151, 11.2, 9.52
1185, 1175.77, 2039.805, 15.36, 7.84
1186, 1181.383, 1817.323, 12.8, 8.96
1187, 1183.807, 1279.628, 6.4, 11.2
1188, 1182.521, 270.168, -6.08, 14.0
1189, 1185.739, 551.077, -2.56, 13.44
1190, 1187.325, 964.069, 2.56, 12.32
1191, 1187.52, 1953.382, 14.4, 8.4
1192, 1189.689, 782.098, 0.32, 12.88
1193, 1191.007, 1146.245, 4.8, 11.76
1194, 1190.905, 319.396, -5.44, 14.0
1195, 1194.605, 1597.048, 10.24, 10.08
1196, 1195.178, 1462.639, 8.64, 10.64
1197, 1196.111, 1731.861, 11.84, 9.52
1198, 1196.25, 600.089, -1.92, 13.44
1199, 1198.692, 1328.874, 7.04, 11.2
1200, 1197.088, 37.111, -7.36, 17.36
1201, 1199.397, 368.683, -4.8, 14.0
1202, 1200.628, 1013.063, 3.2, 12.32
1203, 1201.224, 831.081, 0.96, 12.88
1204, 1201.169, 1867.346, 13.44, 8.96
1205, 1205.61, 1195.345, 5.44, 11.76
1206, 1204.335, 86.773, -7.04, 16.8
1207, 1206.536, 649.099, -1.28, 13.44
1208, 1208.097, 417.854, -4.16, 14.0
1209, 1207.731, 2003.668, 15.04, 8.4
1210, 1212.149, 1512.139, 9.28, 10.64
1211, 1212.992, 1646.627, 10.88, 10.08
1212, 1210.236, 136.137, -6.72, 16.24
1213, 1213.698, 880.027, 1.6, 12.88
1214, 1214.473, 1062.118, 3.84, 12.32
1215, 1215.246, 1378.14, 7.68, 11.2
1216, 1215.82, 1781.659, 12.48, 9.52
1217, 1217.547, 698.069, -0.64, 13.44
1218, 1217.223, 466.938, -3.52, 14.0
1219, 1218.342, 185.537, -6.4, 15.68
1220, 1221.469, 1244.57, 6.08, 11.76
1221, 1221.693, 1917.606, 14.08, 8.96
1222, 1225.987, 929.018, 2.24, 12.88
1223, 1224.563, 234.941, -6.08, 15.12
1224, 1226.828, 515.989, -2.88, 14.0
1225, 1229.016, 1111.164, 4.48, 12.32
1226, 1229.441, 1561.607, 9.92, 10.64
1227, 1229.483, 747.046, 3.66373598126e-15, 13.44
1228, 1231.469, 1427.39, 8.32, 11.2
1229, 1230.723, 1696.305, 11.52, 10.08
1230, 1232.628, 284.131, -5.76, 14.56
1231, 1236.4, 1293.63, 6.72, 11.76
1232, 1235.412, 1831.649, 13.12, 9.52
1233, 1236.573, 565.031, -2.24, 14.0
1234, 1239.658, 978.024, 2.88, 12.88
1235, 1240.676, 796.029, 0.64, 13.44
1236, 1240.929, 333.322, -5.12, 14.56
1237, 1243.461, 1160.259, 5.12, 12.32
1238, 1241.786, 1967.692, 14.72, 8.96
1240, 1247.799, 1611.206, 10.56, 10.64
1241, 1246.957, 614.026, -1.6, 14.0
1242, 1248.004, 1476.814, 8.96, 11.2
1243, 1246.771, 51.144, -7.04, 17.92
1244, 1249.951, 1746.146, 12.16, 10.08
1245, 1250.604, 382.558, -4.48, 14.56
1246, 1251.281, 1342.98, 7.36, 11.76
1247, 1252.632, 845.005, 1.28, 13.44
1248, 1252.864, 1027.067, 3.52, 12.88
1249, 1254.952, 1881.657, 13.76, 9.52
1250, 1254.248, 100.757, -6.72, 17.36
1251, 1258.35, 1209.379, 5.76, 12.32
1252, 1257.792, 663.017, -0.96, 14.0
1253, 1259.263, 431.743, -3.84, 14.56
1254, 1260.293, 150.108, -6.4, 16.8
1255, 1264.871, 1526.235, 9.6, 11.2
1256, 1265.866, 1660.788, 11.2, 10.64
1257, 1263.081, 2018.238, 15.36, 8.96
1258, 1265.158, 893.989, 1.92, 13.44
1259, 1266.612, 1076.105, 4.16, 12.88
1260, 1268.022, 1392.208, 8.0, 11.76
1261, 1268.22, 199.512, -6.08, 16.24
1262, 1269.476, 1796.047, 12.8, 10.08
1263, 1268.673, 480.836, -3.2, 14.56
1264, 1269.395, 711.99, -0.32, 14.0
1265, 1274.317, 1258.582, 6.4, 12.32
1266, 1275.621, 1931.972, 14.4, 9.52
1267, 1275.452, 248.911, -5.76, 15.68
1268, 1278.274, 529.878, -2.56, 14.56
1269, 1278.702, 942.993, 2.56, 13.44
1270, 1280.574, 760.976, 0.32, 14.0
1271, 1281.156, 1125.177, 4.8, 12.88
1272, 1282.539, 1575.664, 10.24, 11.2
1273, 1285.627, 1441.588, 8.64, 11.76
1274, 1283.058, 298.087, -5.44, 15.12
1275, 1285.445, 1710.617, 11.84, 10.64
1276, 1289.143, 1307.645, 7.04, 12.32
1277, 1288.314, 578.938, -1.92, 14.56
1278, 1289.331, 1846.062, 13.44, 10.08
1279, 1291.341, 991.969, 3.2, 13.44
1280, 1292.026, 347.268, -4.8, 15.12
1281, 1292.634, 809.965, 0.96, 14.0
1282, 1292.33, 15.542, -7.04, 19.04
1283, 1296.112, 1174.268, 5.44, 12.88
1284, 1296.75, 1982.253, 15.04, 9.52
1285, 1297.271, 65.139, -6.72, 18.48
1286, 1299.246, 627.925, -1.28, 14.56
1287, 1302.0, 1491.014, 9.28, 11.76
1288, 1301.23, 1625.364, 10.88, 11.2
1289, 1302.216, 396.535, -4.16, 15.12
1290, 1303.57, 1760.357, 12.48, 10.64
1291, 1305.378, 1041.062, 3.84, 13.44
1292, 1304.976, 1357.038, 7.68, 12.32
1293, 1305.085, 858.935, 1.6, 14.0
1294, 1305.425, 114.57, -6.4, 17.92
1295, 1309.721, 1896.162, 14.08, 10.08
1296, 1310.933, 445.583, -3.52, 15.12
1297, 1310.279, 676.957, -0.64, 14.56
1298, 1312.043, 1223.38, 6.08, 12.88
1299, 1311.258, 164.08, -6.08, 17.36
1300, 1317.868, 907.915, 2.24, 14.0
1301, 1319.411, 1090.102, 4.48, 13.44
1302, 1320.198, 1540.553, 9.92, 11.76
1303, 1319.706, 213.504, -5.76, 16.8
1304, 1320.396, 1675.131, 11.52, 11.2
1305, 1318.233, 2032.672, 15.68, 9.52
1306, 1320.556, 494.614, -2.88, 15.12
1307, 1321.465, 1406.282, 8.32, 12.32
1308, 1321.023, 725.918, 4.55191440096e-15, 14.56
1309, 1324.194, 1810.319, 13.12, 10.64
1310, 1327.597, 1272.606, 6.72, 12.88
1311, 1326.811, 262.836, -5.44, 16.24
1312, 1330.837, 543.762, -2.24, 15.12
1313, 1330.709, 956.936, 2.88, 14.0
1314, 1329.806, 1946.339, 14.72, 10.08
1315, 1333.454, 774.908, 0.64, 14.56
1316, 1334.219, 1139.189, 5.12, 13.44
1317, 1334.55, 312.045, -5.12, 15.68
1318, 1338.028, 1590.063, 10.56, 11.76
1319, 1338.631, 1455.634, 8.96, 12.32
1320, 1339.737, 1724.868, 12.16, 11.2
1321, 1340.7, 592.799, -1.6, 15.12
1322, 1342.269, 1321.784, 7.36, 12.88
1323, 1343.514, 29.534, -6.72, 19.6
1324, 1343.662, 361.202, -4.48, 15.68
1325, 1345.561, 823.885, 1.28, 14.56
1326, 1344.243, 1005.94, 3.52, 14.0
1327, 1344.315, 1860.358, 13.76, 10.64
1328, 1349.738, 1188.284, 5.76, 13.44
1329, 1348.313, 79.1, -6.4, 19.04
1330, 1351.802, 641.792, -0.96, 15.12
1331, 1351.67, 1996.678, 15.36, 10.08
1332, 1353.322, 410.387, -3.84, 15.68
1333, 1356.211, 1505.149, 9.6, 12.32
1334, 1356.333, 1639.633, 11.2, 11.76
1335, 1356.562, 128.546, -6.08, 18.48
1336, 1358.034, 872.895, 1.92, 14.56
1337, 1359.185, 1371.143, 8.0, 12.88
1338, 1358.36, 1055.017, 4.16, 14.0
1339, 1359.08, 1774.673, 12.8, 11.2
1340, 1363.111, 459.54, -3.2, 15.68
1341, 1362.519, 690.842, -0.32, 15.12
1342, 1365.373, 1237.557, 6.4, 13.44
1343, 1362.794, 178.036, -5.76, 17.92
1344, 1365.17, 1910.625, 14.4, 10.64
1345, 1371.275, 921.884, 2.56, 14.56
1346, 1370.436, 227.305, -5.44, 17.36
1347, 1368.5, 2045.0, 16.0, 10.08
1348, 1373.206, 508.567, -2.56, 15.68
1349, 1372.706, 1104.117, 4.8, 14.0
1350, 1374.209, 1554.638, 10.24, 12.32
1351, 1374.524, 739.825, 0.32, 15.12
1352, 1375.775, 1420.418, 8.64, 12.88
1353, 1374.984, 1689.356, 11.84, 11.76
1354, 1378.883, 1824.66, 13.44, 11.2
1355, 1378.882, 276.706, -5.12, 16.8
1356, 1380.807, 1286.628, 7.04, 13.44
1357, 1383.332, 557.603, -1.92, 15.68
1358, 1384.924, 970.914, 3.2, 14.56
1359, 1386.359, 788.816, 0.96, 15.12
1360, 1388.228, 1153.223, 5.44, 14.0
1361, 1385.729, 1960.881, 15.04, 10.64
1362, 1386.752, 325.949, -4.8, 16.24
1363, 1392.451, 1604.258, 10.88, 12.32
1364, 1393.564, 1469.916, 9.28, 12.88
1365, 1393.804, 606.624, -1.28, 15.68
1366, 1395.011, 1739.244, 12.48, 11.76
1367, 1394.31, 43.516, -6.4, 20.16
1368, 1397.164, 1335.978, 7.68, 13.44
1369, 1395.305, 375.119, -4.16, 16.24
1370, 1398.651, 837.774, 1.6, 15.12
1371, 1398.06, 1019.976, 3.84, 14.56
1372, 1399.048, 1874.695, 14.08, 11.2
1373, 1400.303, 93.063, -6.08, 19.6
1374, 1404.087, 1202.354, 6.08, 14.0
1375, 1405.05, 655.641, -0.64, 15.68
1376, 1404.806, 424.252, -3.52, 16.24
1377, 1408.488, 142.53, -5.76, 19.04
1378, 1407.517, 2011.37, 15.68, 10.64
1379, 1411.473, 886.764, 2.24, 15.12
1380, 1411.043, 1519.333, 9.92, 12.88
1381, 1411.849, 1653.994, 11.52, 12.32
1382, 1412.305, 1069.057, 4.48, 14.56
1383, 1413.452, 1385.249, 8.32, 13.44
1384, 1415.107, 1789.183, 13.12, 11.76
1385, 1416.033, 473.496, -2.88, 16.24
1386, 1416.721, 704.632, 4.55191440096e-15, 15.68
1387, 1414.444, 191.975, -5.44, 18.48
1388, 1419.991, 1251.592, 6.72, 14.0
1389, 1420.95, 1925.141, 14.72, 11.2
1390, 1422.355, 241.238, -5.12, 17.92
1391, 1424.677, 935.808, 2.88, 15.12
1392, 1425.854, 522.522, -2.24, 16.24
1393, 1428.132, 753.642, 0.64, 15.68
1394, 1427.611, 1118.155, 5.12, 14.56
1395, 1428.73, 1568.991, 10.56, 12.88
1396, 1431.251, 1434.619, 8.96, 13.44
1397, 1430.71, 1703.665, 12.16, 12.32
1398, 1431.436, 290.545, -4.8, 17.36
1399, 1435.001, 1300.66, 7.36, 14.0
1400, 1434.847, 1839.204, 13.76, 11.76
1401, 1436.426, 571.564, -1.6, 16.24
1402, 1437.826, 984.833, 3.52, 15.12
1403, 1440.159, 802.651, 1.28, 15.68
1404, 1439.713, 339.891, -4.48, 16.8
1405, 1439.119, 7.827, -6.4, 21.28
1406, 1442.866, 1167.254, 5.76, 14.56
1407, 1442.838, 1975.483, 15.36, 11.2
1408, 1447.124, 620.583, -0.96, 16.24
1409, 1448.301, 1618.609, 11.2, 12.88
1410, 1446.725, 57.487, -6.08, 20.72
1411, 1448.001, 1484.122, 9.6, 13.44
1412, 1447.982, 389.036, -3.84, 16.8
1413, 1450.611, 1753.618, 12.8, 12.32
1414, 1452.088, 1350.114, 8.0, 14.0
1415, 1452.907, 851.649, 1.92, 15.68
1416, 1452.17, 1033.995, 4.16, 15.12
1417, 1452.136, 107.0, -5.76, 20.16
1418, 1459.172, 1216.554, 6.4, 14.56
1419, 1455.821, 1889.342, 14.4, 11.76
1420, 1458.49, 669.603, -0.32, 16.24
1421, 1457.406, 438.14, -3.2, 16.8
1422, 1460.312, 156.49, -5.44, 19.6
1423, 1465.464, 900.662, 2.56, 15.68
1424, 1467.076, 1083.097, 4.8, 15.12
1425, 1466.876, 1533.615, 10.24, 13.44
1426, 1466.967, 1668.29, 11.84, 12.88
1427, 1465.496, 2026.094, 16.0, 11.2
1428, 1468.839, 1399.426, 8.64, 14.0
1429, 1467.393, 205.884, -5.12, 19.04
1430, 1468.312, 487.245, -2.56, 16.8
1431, 1469.943, 718.616, 0.32, 16.24
1432, 1471.485, 1803.621, 13.44, 12.32
1433, 1474.34, 1265.623, 7.04, 14.56
1434, 1474.885, 255.137, -4.8, 18.48
1435, 1477.861, 1939.643, 15.04, 11.76
1436, 1479.345, 536.486, -1.92, 16.8
1437, 1479.069, 949.802, 3.2, 15.68
1438, 1482.192, 767.624, 0.96, 16.24
1439, 1481.979, 1132.191, 5.44, 15.12
1440, 1484.239, 304.506, -4.48, 17.92
1441, 1485.525, 1448.782, 9.28, 14.0
1442, 1484.915, 1583.232, 10.88, 13.44
1443, 1487.672, 1718.163, 12.48, 12.88
1444, 1490.138, 585.517, -1.28, 16.8
1445, 1490.432, 1314.989, 7.68, 14.56
1446, 1492.543, 998.923, 3.84, 15.68
1447, 1491.681, 1853.646, 14.08, 12.32
1448, 1493.515, 353.614, -4.16, 17.36
1449, 1494.059, 816.627, 1.6, 16.24
1450, 1492.001, 21.747, -6.08, 21.84
1451, 1497.361, 1181.329, 6.08, 15.12
1452, 1499.242, 71.46, -5.76, 21.28
1453, 1501.45, 634.554, -0.64, 16.8
1454, 1500.155, 1990.2, 15.68, 11.76
1455, 1501.947, 402.935, -3.52, 17.36
1456, 1504.004, 1498.329, 9.92, 14.0
1457, 1503.657, 1632.958, 11.52, 13.44
1458, 1505.002, 120.917, -5.44, 20.72
1459, 1507.196, 865.647, 2.24, 16.24
1460, 1506.665, 1048.027, 4.48, 15.68
1461, 1507.646, 1364.242, 8.32, 14.56
1462, 1507.569, 1768.134, 13.12, 12.88
1463, 1511.239, 452.054, -2.88, 17.36
1464, 1512.751, 683.567, 4.55191440096e-15, 16.8
1465, 1513.949, 1230.581, 6.72, 15.12
1466, 1512.294, 170.316, -5.12, 20.16
1467, 1512.996, 1904.002, 14.72, 12.32
1468, 1520.032, 914.659, 2.88, 16.24
1469, 1521.917, 1097.143, 5.12, 15.68
1470, 1520.432, 219.71, -4.8, 19.6
1471, 1521.337, 501.16, -2.24, 17.36
1472, 1522.811, 1547.949, 10.56, 14.0
1473, 1524.343, 732.585, 0.64, 16.8
1474, 1523.994, 1682.657, 12.16, 13.44
1475, 1524.763, 1413.621, 8.96, 14.56
1476, 1522.215, 2040.678, 16.32, 11.76
1477, 1528.013, 1818.142, 13.76, 12.88
1478, 1529.554, 1279.669, 7.36, 15.12
1479, 1528.682, 269.066, -4.48, 19.04
1480, 1531.696, 550.251, -1.6, 17.36
1481, 1533.722, 963.673, 3.52, 16.24
1482, 1536.731, 781.596, 1.28, 16.8
1483, 1535.354, 1954.343, 15.36, 12.32
1484, 1537.587, 1146.278, 5.76, 15.68
1485, 1536.967, 318.304, -4.16, 18.48
1486, 1542.095, 1597.616, 11.2, 14.0
1487, 1542.644, 1463.142, 9.6, 14.56
1488, 1543.191, 599.328, -0.96, 17.36
1489, 1544.423, 1732.611, 12.8, 13.44
1490, 1546.403, 1329.143, 8.0, 15.12
1491, 1544.949, 35.567, -5.76, 22.4
1492, 1547.032, 367.562, -3.84, 17.92
1493, 1549.099, 830.615, 1.92, 16.8
1494, 1547.91, 1012.896, 4.16, 16.24
1495, 1549.066, 1868.289, 14.4, 12.88
1496, 1554.851, 1195.551, 6.4, 15.68
1497, 1551.304, 85.21, -5.44, 21.84
1498, 1555.63, 648.511, -0.32, 17.36
1499, 1556.096, 416.771, -3.2, 17.92
1500, 1557.908, 2004.891, 16.0, 12.32
1501, 1560.757, 1512.62, 10.24, 14.56
1502, 1559.396, 134.72, -5.12, 21.28
1503, 1560.53, 1647.305, 11.84, 14.0
1504, 1562.309, 879.637, 2.56, 16.8
1505, 1562.663, 1062.094, 4.8, 16.24
1506, 1564.098, 1378.57, 8.64, 15.12
1507, 1564.799, 1782.609, 13.44, 13.44
1508, 1565.323, 465.942, -2.56, 17.92
1509, 1567.675, 697.542, 0.32, 17.36
1510, 1565.605, 184.164, -4.8, 20.72
1511, 1569.682, 1244.636, 7.04, 15.68
1512, 1570.975, 1918.621, 15.04, 12.88
1513, 1575.313, 928.66, 3.2, 16.8
1514, 1574.633, 233.555, -4.48, 20.16
1515, 1574.791, 515.067, -1.92, 17.92
1516, 1577.701, 1111.203, 5.44, 16.24
1517, 1579.256, 746.555, 0.96, 17.36
1518, 1579.727, 1562.261, 10.88, 14.56
1519, 1581.212, 1427.91, 9.28, 15.12
1520, 1581.046, 1697.165, 12.48, 14.0
1521, 1582.006, 282.959, -4.16, 19.6
1522, 1585.486, 1294.009, 7.68, 15.68
1523, 1585.637, 1832.645, 14.08, 13.44
1524, 1586.227, 564.146, -1.28, 17.92
1525, 1589.938, 977.8, 3.84, 16.8
1526, 1592.316, 795.584, 1.6, 17.36
1527, 1590.625, 332.173, -3.84, 19.04
1528, 1594.006, 1160.434, 6.08, 16.24
1529, 1593.654, 1969.124, 15.68, 12.88
1530, 1597.482, 613.228, -0.64, 17.92
1531, 1599.574, 1477.376, 9.92, 15.12
1532, 1598.732, 1611.992, 11.52, 14.56
1534, 1599.086, 49.518, -5.44, 22.96
1535, 1601.607, 381.506, -3.52, 18.48
1536, 1602.97, 1343.32, 8.32, 15.68
1537, 1601.848, 1747.113, 13.12, 14.0
1538, 1604.894, 844.603, 2.24, 17.36
1539, 1603.665, 1027.013, 4.48, 16.8
1540, 1605.041, 99.078, -5.12, 22.4
1541, 1610.261, 1209.605, 6.72, 16.24
1542, 1607.114, 1882.967, 14.72, 13.44
1543, 1609.723, 662.338, 4.55191440096e-15, 17.92
1544, 1610.694, 430.578, -2.88, 18.48
1545, 1613.557, 148.547, -4.8, 21.84
1546, 1618.156, 893.628, 2.88, 17.36
1547, 1619.001, 1076.145, 5.12, 16.8
1548, 1618.329, 1527.029, 10.56, 15.12
1549, 1616.301, 2019.668, 16.32, 12.88
1550, 1619.976, 1392.648, 8.96, 15.68
1551, 1618.775, 1661.667, 12.16, 14.56
1552, 1620.933, 479.801, -2.24, 18.48
1553, 1619.903, 198.048, -4.48, 21.28
1554, 1623.156, 711.517, 0.64, 17.92
1555, 1622.421, 1797.169, 13.76, 14.0
1556, 1625.707, 1258.874, 7.36, 16.24
1557, 1629.551, 247.503, -4.16, 20.72
1558, 1631.889, 942.664, 3.52, 17.36
1559, 1629.521, 1933.312, 15.36, 13.44
1560, 1630.916, 528.968, -1.6, 18.48
1561, 1635.25, 760.538, 1.28, 17.92
1562, 1634.207, 1125.282, 5.76, 16.8
1563, 1637.133, 1576.634, 11.2, 15.12
1564, 1638.527, 1442.192, 9.6, 15.68
1565, 1637.293, 296.752, -3.84, 20.16
1566, 1638.785, 1711.638, 12.8, 14.56
1567, 1641.249, 578.061, -0.96, 18.48
1568, 1642.808, 1308.184, 8.0, 16.24
1569, 1644.02, 1847.298, 14.4, 14.0
1570, 1645.585, 991.888, 4.16, 17.36
1571, 1648.048, 809.563, 1.92, 17.92
1572, 1645.559, 346.045, -3.52, 19.6
1573, 1645.734, 13.572, -5.44, 24.08
1574, 1650.989, 1174.561, 6.4, 16.8
1575, 1652.892, 627.148, -0.32, 18.48
1576, 1652.225, 1983.898, 16.0, 13.44
1577, 1652.701, 63.436, -5.12, 23.52
1578, 1656.633, 1491.656, 10.24, 15.68
1579, 1655.721, 395.262, -3.2, 19.04
1580, 1657.167, 1626.396, 11.84, 15.12
1581, 1660.583, 1357.591, 8.64, 16.24
1582, 1661.142, 858.608, 2.56, 17.92
1583, 1660.532, 1041.1, 4.8, 17.36
1584, 1659.704, 1761.613, 13.44, 14.56
1585, 1659.511, 112.961, -4.8, 22.96
1586, 1666.116, 444.533, -2.56, 19.04
1587, 1665.497, 676.25, 0.32, 18.48
1588, 1666.48, 1223.657, 7.04, 16.8
1589, 1666.173, 1897.631, 15.04, 14.0
1590, 1667.934, 162.497, -4.48, 22.4
1591, 1674.357, 907.633, 3.2, 17.92
1592, 1676.14, 1090.227, 5.44, 17.36
1593, 1675.82, 1541.362, 10.88, 15.68
1594, 1676.003, 493.601, -1.92, 19.04
1595, 1674.392, 211.902, -4.16, 21.84
1596, 1677.612, 725.359, 0.96, 18.48
1597, 1676.222, 1676.243, 12.48, 15.12
1598, 1678.171, 1407.063, 9.28, 16.24
1599, 1676.399, 2034.641, 16.64, 13.44
1600, 1680.913, 1811.671, 14.08, 14.56
1601, 1683.459, 1273.094, 7.68, 16.8
1602, 1682.584, 261.253, -3.84, 21.28
1603, 1686.476, 542.81, -1.28, 19.04
1604, 1687.897, 956.666, 3.84, 17.92
1605, 1691.297, 774.524, 1.6, 18.48
1606, 1692.312, 1139.533, 6.08, 17.36
1607, 1689.19, 1948.193, 15.68, 14.0
1608, 1692.751, 310.567, -3.52, 20.72
1609, 1695.77, 1591.137, 11.52, 15.68
1610, 1697.149, 1456.594, 9.92, 16.24
1611, 1697.423, 591.964, -0.64, 19.04
1612, 1697.789, 1726.229, 13.12, 15.12
1613, 1700.796, 1322.435, 8.32, 16.8
1614, 1702.335, 1005.951, 4.48, 17.92
1615, 1701.093, 359.922, -3.2, 20.16
1616, 1703.926, 823.567, 2.24, 18.48
1617, 1701.743, 27.506, -5.12, 24.64
1618, 1703.779, 1862.096, 14.72, 14.56
1619, 1708.008, 1188.616, 6.72, 17.36
1620, 1707.192, 77.153, -4.8, 24.08
1621, 1708.916, 641.087, 4.55191440096e-15, 19.04
1622, 1710.77, 409.134, -2.88, 19.6
1623, 1715.037, 1506.148, 10.56, 16.24
1624, 1715.297, 1640.915, 12.16, 15.68
1625, 1712.018, 1998.685, 16.32, 14.0
1626, 1714.962, 126.603, -4.48, 23.52
1627, 1717.155, 872.599, 2.88, 18.48
1628, 1717.397, 1055.159, 5.12, 17.92
1629, 1717.576, 1371.8, 8.96, 16.8
1630, 1719.204, 1776.287, 13.76, 15.12
1631, 1722.497, 458.474, -2.24, 19.6
1632, 1721.379, 690.193, 0.64, 19.04
1633, 1722.143, 176.307, -4.16, 22.96
1634, 1723.806, 1237.977, 7.36, 17.36
1635, 1726.76, 1912.583, 15.36, 14.56
1636, 1731.186, 921.642, 3.52, 18.48
1637, 1730.839, 225.605, -3.84, 22.4
1638, 1732.863, 507.556, -1.6, 19.6
1639, 1733.552, 1104.393, 5.76, 17.92
1640, 1733.946, 739.294, 1.28, 19.04
1641, 1733.915, 1555.679, 11.2, 16.24
1642, 1736.178, 1421.327, 9.6, 16.8
1643, 1735.372, 1690.681, 12.8, 15.68
1644, 1738.698, 275.078, -3.52, 21.84
1645, 1741.276, 1287.279, 8.0, 17.36
1646, 1741.674, 1826.582, 14.4, 15.12
1647, 1743.432, 556.614, -0.96, 19.6
1648, 1713.0, 2045.0, 16.96, 14.0
1649, 1744.941, 970.84, 4.16, 18.48
1650, 1748.126, 788.51, 1.92, 19.04
1651, 1749.805, 1153.593, 6.4, 17.92
1652, 1749.191, 324.515, -3.2, 21.28
1653, 1749.405, 1963.115, 16.0, 14.56
1654, 1754.777, 1605.604, 11.84, 16.24
1655, 1754.047, 605.839, -0.32, 19.6
1656, 1755.18, 1470.908, 10.24, 16.8
1657, 1758.749, 1336.64, 8.64, 17.36
1658, 1757.037, 1740.683, 13.44, 15.68
1659, 1756.711, 41.41, -4.8, 25.2
1660, 1759.026, 373.621, -2.88, 20.72
1661, 1760.648, 837.551, 2.56, 19.04
1662, 1760.209, 1020.076, 4.8, 18.48
1663, 1765.09, 1202.8, 7.04, 17.92
1664, 1763.107, 1876.704, 15.04, 15.12
1665, 1762.761, 90.96, -4.48, 24.64
1666, 1765.817, 654.995, 0.32, 19.6
1667, 1766.904, 423.007, -2.56, 20.16
1668, 1771.153, 140.538, -4.16, 24.08
1669, 1774.329, 886.606, 3.2, 19.04
1670, 1774.569, 1520.586, 10.88, 16.8
1671, 1775.378, 1069.287, 5.44, 18.48
1672, 1776.128, 1655.572, 12.48, 16.24
1673, 1776.296, 1386.181, 9.28, 17.36
1674, 1772.693, 2013.683, 16.64, 14.56
1675, 1777.446, 472.197, -1.92, 20.16
1676, 1778.188, 704.148, 0.96, 19.6
1677, 1779.269, 1791.005, 14.08, 15.68
1678, 1778.0, 190.056, -3.84, 23.52
1679, 1782.606, 1252.18, 7.68, 17.92
1680, 1786.056, 1927.312, 15.68, 15.12
1681, 1787.463, 239.534, -3.52, 22.96
1682, 1788.396, 935.662, 3.84, 19.04
1683, 1789.379, 521.499, -1.28, 20.16
1684, 1792.107, 1118.559, 6.08, 18.48
1685, 1791.116, 753.268, 1.6, 19.6
1686, 1793.172, 1570.287, 11.52, 16.8
1687, 1795.262, 1435.643, 9.92, 17.36
1688, 1796.714, 1705.564, 13.12, 16.24
1689, 1795.495, 288.918, -3.2, 22.4
1690, 1800.757, 1301.591, 8.32, 17.92
1691, 1800.559, 570.577, -0.64, 20.16
1692, 1800.924, 1841.282, 14.72, 15.68
1693, 1802.615, 984.926, 4.48, 19.04
1694, 1805.746, 802.492, 2.24, 19.6
1695, 1804.335, 338.212, -2.88, 21.84
1696, 1807.871, 1167.659, 6.72, 18.48
1697, 1805.354, 5.402, -4.8, 26.32
1698, 1812.186, 619.636, 4.55191440096e-15, 20.16
1699, 1810.708, 1978.112, 16.32, 15.12
1700, 1814.304, 1485.327, 10.56, 17.36
1701, 1814.647, 1620.164, 12.16, 16.8
1702, 1811.947, 55.058, -4.48, 25.76
1703, 1814.789, 387.549, -2.56, 21.28
1704, 1817.97, 1351.049, 8.96, 17.92
1705, 1818.426, 1755.599, 13.76, 16.24
1706, 1818.335, 851.554, 2.88, 19.6
1707, 1818.319, 1034.188, 5.12, 19.04
1708, 1819.902, 104.604, -4.16, 25.2
1709, 1824.147, 1217.089, 7.36, 18.48
1710, 1823.8, 668.91, 0.64, 20.16
1711, 1823.973, 1891.651, 15.36, 15.68
1712, 1825.289, 436.783, -2.24, 20.72
1713, 1827.935, 154.449, -3.84, 24.64
1714, 1832.205, 900.602, 3.52, 19.6
1715, 1834.93, 1083.517, 5.76, 19.04
1716, 1834.349, 1535.073, 11.2, 17.36
1717, 1836.674, 1400.581, 9.6, 17.92
1718, 1835.406, 1670.075, 12.8, 16.8
1719, 1834.864, 486.061, -1.6, 20.72
1720, 1835.154, 718.067, 1.28, 20.16
1721, 1834.896, 203.791, -3.52, 24.08
1722, 1834.587, 2028.963, 16.96, 15.12
1723, 1842.712, 1266.55, 8.0, 18.48
1724, 1839.679, 1805.669, 14.4, 16.24
1725, 1844.508, 253.447, -3.2, 23.52
1726, 1846.417, 535.329, -0.96, 20.72
1727, 1846.344, 949.68, 4.16, 19.6
1728, 1849.0, 767.22, 1.92, 20.16
1729, 1847.566, 1942.336, 16.0, 15.68
1730, 1850.714, 1132.624, 6.4, 19.04
1731, 1853.363, 302.62, -2.88, 22.96
1732, 1854.009, 1584.693, 11.84, 17.36
1733, 1855.536, 1450.154, 10.24, 17.92
1734, 1857.391, 1720.139, 13.44, 16.8
1735, 1859.093, 584.533, -0.32, 20.72
1736, 1859.104, 1315.819, 8.64, 18.48
1737, 1861.695, 999.043, 4.8, 19.6
1738, 1861.366, 352.055, -2.56, 22.4
1739, 1863.13, 816.48, 2.56, 20.16
1740, 1862.873, 1856.191, 15.04, 16.24
1741, 1861.196, 19.018, -4.48, 26.88
1742, 1866.386, 1181.991, 7.04, 19.04
1743, 1870.096, 633.605, 0.32, 20.72
1744, 1869.319, 68.628, -4.16, 26.32
1745, 1872.783, 401.48, -2.24, 21.84
1746, 1874.514, 1499.672, 10.88, 17.92
1747, 1874.97, 1634.652, 12.48, 17.36
1748, 1872.877, 1993.186, 16.64, 15.68
1749, 1877.003, 865.561, 3.2, 20.16
1750, 1877.547, 1048.359, 5.44, 19.6
1751, 1878.838, 1365.518, 9.28, 18.48
1752, 1876.401, 118.499, -3.84, 25.76
1753, 1879.438, 1770.303, 14.08, 16.8
1754, 1882.897, 450.593, -1.92, 21.28
1755, 1882.155, 682.674, 0.96, 20.72
1756, 1885.028, 1231.372, 7.68, 19.04
1757, 1883.858, 168.069, -3.52, 25.2
1758, 1886.256, 1906.653, 15.68, 16.24
1759, 1890.862, 914.63, 3.84, 20.16
1760, 1894.021, 1097.587, 6.08, 19.6
1761, 1892.259, 217.56, -3.2, 24.64
1762, 1892.755, 499.907, -1.28, 21.28
1763, 1895.334, 1549.603, 11.52, 17.92
1764, 1894.025, 731.999, 1.6, 20.72
1765, 1896.549, 1414.912, 9.92, 18.48
1766, 1896.441, 1684.657, 13.12, 17.36
1767, 1901.607, 1280.654, 8.32, 19.04
1768, 1901.75, 1820.629, 14.72, 16.8
1769, 1900.777, 2043.993, 17.28, 15.68
1770, 1901.161, 267.083, -2.88, 24.08
1771, 1903.37, 549.148, -0.64, 21.28
1772, 1904.977, 963.86, 4.48, 20.16
1773, 1907.336, 781.169, 2.24, 20.72
1774, 1909.596, 1146.691, 6.72, 19.6
1775, 1911.077, 316.516, -2.56, 23.52
1776, 1912.184, 1957.574, 16.32, 16.24
1777, 1916.603, 1599.555, 12.16, 17.92
1778, 1916.741, 1464.602, 10.56, 18.48
1779, 1916.468, 598.484, 4.55191440096e-15, 21.28
1780, 1919.876, 1330.243, 8.96, 19.04
1781, 1918.024, 1734.706, 13.76, 17.36
1782, 1920.162, 365.851, -2.24, 22.96
1783, 1922.137, 830.486, 2.88, 20.72
1784, 1921.095, 1013.183, 5.12, 20.16
1785, 1919.541, 32.616, -4.16, 27.44
1786, 1927.049, 1196.227, 7.36, 19.6
1787, 1925.814, 1871.154, 15.36, 16.8
1788, 1928.044, 647.565, 0.64, 21.28
1789, 1926.995, 82.518, -3.84, 26.88
1790, 1930.563, 415.221, -1.92, 22.4
1791, 1936.316, 1514.375, 11.2, 18.48
1792, 1934.836, 132.384, -3.52, 26.32
1793, 1935.857, 879.562, 3.52, 20.72
1794, 1938.235, 1062.557, 5.76, 20.16
1795, 1937.804, 1649.548, 12.8, 17.92
1796, 1938.361, 1379.666, 9.6, 19.04
1797, 1935.568, 2008.565, 16.96, 16.24
1798, 1941.932, 464.531, -1.6, 21.84
1799, 1940.21, 696.635, 1.28, 21.28
1800, 1941.363, 1785.198, 14.4, 17.36
1801, 1945.446, 1245.609, 8.0, 19.6
1802, 1942.198, 181.651, -3.2, 25.76
1803, 1949.015, 1921.686, 16.0, 16.8
1804, 1949.996, 928.657, 4.16, 20.72
1805, 1951.447, 231.463, -2.88, 25.2
1806, 1951.842, 513.642, -0.96, 21.84
1807, 1953.94, 1111.659, 6.4, 20.16
1808, 1952.807, 745.95, 1.92, 21.28
1809, 1956.646, 1564.196, 11.84, 18.48
1810, 1959.157, 1429.549, 10.24, 19.04
1811, 1959.913, 1699.579, 13.44, 17.92
1812, 1960.092, 280.792, -2.56, 24.64
1813, 1963.219, 1295.119, 8.64, 19.6
1814, 1962.824, 563.034, -0.32, 21.84
1815, 1965.124, 1835.625, 15.04, 17.36
1816, 1965.39, 978.008, 4.8, 20.72
1817, 1966.132, 795.167, 2.56, 21.28
1818, 1969.796, 330.437, -2.24, 24.08
1819, 1971.418, 1161.121, 7.04, 20.16
1820, 1975.747, 612.433, 0.32, 21.84
1821, 1977.225, 1479.142, 10.88, 19.04
1822, 1977.062, 1614.125, 12.48, 18.48
1823, 1973.564, 1972.669, 16.64, 16.8
1824, 1978.736, 379.588, -1.92, 23.52
1825, 1979.863, 1344.595, 9.28, 19.6
1826, 1978.889, 46.469, -3.84, 28.0
1827, 1980.789, 1027.482, 5.44, 20.72
1828, 1980.773, 844.502, 3.2, 21.28
1829, 1979.975, 1749.636, 14.08, 17.92
1830, 1983.654, 96.38, -3.52, 27.44
1831, 1984.493, 1210.53, 7.68, 20.16
1832, 1984.669, 661.518, 0.96, 21.84
1833, 1985.779, 1886.197, 15.68, 17.36
1834, 1985.265, 429.005, -1.6, 22.96
1835, 1987.662, 145.863, -3.2, 26.88
1836, 1989.103, 893.551, 3.84, 21.28
1837, 1989.91, 1076.549, 6.08, 20.72
1838, 1990.096, 1528.783, 11.52, 19.04
1839, 1991.822, 1394.171, 9.92, 19.6
1840, 1991.748, 1664.115, 13.12, 18.48
1841, 1993.166, 478.443, -1.28, 22.4
1842, 1991.97, 710.554, 1.6, 21.84
1843, 1993.144, 195.509, -2.88, 26.32
1844, 1995.158, 1800.052, 14.72, 17.92
1845, 1995.297, 1259.883, 8.32, 20.16
1846, 1995.22, 2024.036, 17.28, 16.8
1847, 1996.782, 942.583, 4.48, 21.28
1848, 1997.941, 245.099, -2.56, 25.76
1849, 1998.599, 527.485, -0.64, 22.4
1850, 1999.85, 759.831, 2.24, 21.84
1851, 2000.599, 1125.899, 6.72, 20.72
1852, 2000.162, 1936.696, 16.32, 17.36
1853, 2001.444, 1578.52, 12.16, 19.04
1854, 2002.836, 1443.716, 10.56, 19.6
1855, 2002.678, 294.486, -2.24, 25.2
1856, 2003.629, 1714.208, 13.76, 18.48
1857, 2005.179, 576.723, 4.55191440096e-15, 22.4
1858, 2004.732, 1309.434, 8.96, 20.16
1859, 2006.528, 992.022, 5.12, 21.28
1860, 2007.409, 809.05, 2.88, 21.84
1861, 2008.289, 343.989, -1.92, 24.64
1862, 2007.428, 1850.446, 15.36, 17.92
1863, 2008.569, 1175.41, 7.36, 20.72
1864, 2010.013, 10.383, -3.84, 29.12
1865, 2011.789, 626.061, 0.64, 22.4
1866, 2013.347, 60.034, -3.52, 28.56
1867, 2012.53, 1493.458, 11.2, 19.6
1868, 2012.785, 393.45, -1.6, 24.08
1869, 2012.892, 1628.491, 12.8, 19.04
1870, 2014.127, 858.422, 3.52, 21.84
1871, 2015.295, 1358.845, 9.6, 20.16
1872, 2014.257, 1041.435, 5.76, 21.28
1873, 2015.47, 1764.439, 14.4, 18.48
1874, 2017.158, 109.787, -3.2, 28.0
1875, 2016.22, 1987.994, 16.96, 17.36
1876, 2017.485, 675.404, 1.28, 22.4
1877, 2017.376, 1224.489, 8.0, 20.72
1878, 2017.804, 442.518, -1.28, 23.52
1879, 2019.796, 159.481, -2.88, 27.44
1880, 2021.827, 1901.342, 16.0, 17.92
1881, 2021.688, 907.469, 4.16, 21.84
1882, 2022.353, 1090.513, 6.4, 21.28
1883, 2024.726, 491.991, -0.96, 22.96
1884, 2023.328, 1543.411, 11.84, 19.6
1885, 2024.122, 209.372, -2.56, 26.88
1886, 2023.837, 724.469, 1.92, 22.4
1887, 2023.766, 1408.461, 10.24, 20.16
1888, 2024.333, 1678.531, 13.44, 19.04
1889, 2027.437, 1274.065, 8.64, 20.72
1890, 2028.021, 1814.621, 15.04, 18.48
1891, 2028.3, 258.538, -2.24, 26.32
1892, 2029.211, 541.395, -0.32, 22.96
1893, 2029.673, 956.556, 4.8, 21.84
1894, 2030.706, 773.555, 2.56, 22.4
1895, 2030.065, 1139.978, 7.04, 21.28
1896, 2033.133, 308.367, -1.92, 25.76
1897, 2033.23, 1458.026, 10.88, 20.16
1898, 2033.749, 1593.322, 12.48, 19.6
1899, 2035.063, 590.5, 0.32, 22.96
1900, 2036.034, 1323.534, 9.28, 20.72
1901, 2035.454, 1728.954, 14.08, 19.04
1902, 2035.735, 1952.471, 16.64, 17.92
1903, 2036.467, 1005.983, 5.44, 21.84
1904, 2036.121, 2039.485, 17.6, 17.36
1905, 2037.08, 357.912, -1.6, 25.2
1906, 2037.044, 822.965, 3.2, 22.4
1907, 2038.62, 1189.481, 7.68, 21.28
1908, 2040.0, 23.0, -3.52, 29.68