259, 205.4, 1032.4, 0, 0
216, 162.4, 1018.7, -0.32, -0.56
173, 120.6, 1005.1, -0.64, -1.12
129, 77.6, 991.2, -0.96, -1.68
65, 49.8, 977.5, -1.28, -2.24
63, 13.9, 950.5, -1.6, -2.8
247, 194.9, 983.2, -0.64, 0
204, 151.3, 969.6, -0.96, -0.56
162, 108.1, 955.7, -1.28, -1.12
62, 67.5, 942.1, -1.6, -1.68
61, 45.9, 928.3, -1.92, -2.24
59, 9.5, 901.0, -2.24, -2.8
236, 184.2, 934.2, -1.28, 0
192, 141.3, 920.3, -1.6, -0.56
149, 97.8, 906.6, -1.92, -1.12
58, 60.0, 892.7, -2.24, -1.68
59, 9.5, 901.0, -2.56, -2.24
224, 173.0, 885.1, -1.92, 0
183, 130.8, 871.2, -2.24, -0.56
140, 88.3, 857.2, -2.56, -1.12
55, 54.8, 843.6, -2.88, -1.68
53, 18.7, 816.1, -3.2, -2.24
215, 161.8, 835.9, -2.56, 0
172, 120.6, 822.1, -2.88, -0.56
130, 78.5, 808.1, -3.2, -1.12
52, 51.0, 794.3, -3.52, -1.68
50, 15.0, 766.9, -3.84, -2.24
205, 152.5, 786.7, -3.2, 0
163, 110.3, 772.8, -3.52, -0.56
122, 69.3, 759.0, -3.84, -1.12
49, 46.1, 745.1, -4.16, -1.68
47, 11.0, 717.5, -4.48, -2.24
196, 142.4, 737.6, -3.84, 0
156, 100.4, 723.6, -4.16, -0.56
46, 61.6, 709.7, -4.48, -1.12
47, 11.0, 717.5, -4.8, -1.68
188, 134.2, 688.2, -4.48, 0
145, 91.7, 674.3, -4.8, -0.56
43, 57.3, 660.4, -5.12, -1.12
41, 20.5, 632.6, -5.44, -1.68
178, 125.1, 639.1, -5.12, 0
135, 83.5, 625.1, -5.44, -0.56
40, 53.4, 611.2, -5.76, -1.12
38, 16.9, 583.2, -6.08, -1.68
169, 117.3, 590.0, -5.76, 0
127, 74.9, 575.8, -6.08, -0.56
37, 48.4, 561.8, -6.4, -1.12
35, 13.1, 533.9, -6.72, -1.68
161, 108.0, 540.5, -6.4, 0
34, 66.9, 526.4, -6.72, -0.56
33, 45.9, 512.3, -7.04, -1.12
31, 9.6, 484.4, -7.36, -1.68
152, 100.4, 491.1, -7.04, 0
30, 62.4, 477.1, -7.36, -0.56
31, 9.6, 484.4, -7.68, -1.12
147, 92.4, 441.7, -7.68, 0
27, 56.8, 427.6, -8.0, -0.56
26, 36.8, 413.5, -8.32, -1.12
25, 19.9, 399.4, -8.64, -1.68
138, 85.5, 392.2, -8.32, 0
24, 54.4, 378.1, -8.64, -0.56
23, 35.0, 364.0, -8.96, -1.12
22, 17.8, 349.9, -9.28, -1.68
132, 77.6, 342.7, -8.96, 0
21, 49.0, 328.5, -9.28, -0.56
19, 13.5, 300.0, -9.6, -1.12
124, 71.0, 293.1, -9.6, 0
18, 46.0, 278.8, -9.92, -0.56
16, 10.4, 250.4, -10.24, -1.12
15, 64.1, 243.5, -10.24, 0
16, 10.4, 250.4, -10.56, -0.56
11, 59.9, 193.7, -10.88, 0
12, 7.5, 200.0, -11.2, -0.56
8, 55.9, 143.8, -11.52, 0
7, 37.2, 129.2, -11.84, -0.56
6, 20.0, 114.7, -12.16, -1.12
5, 52.4, 93.8, -12.16, 0
4, 34.1, 79.2, -12.48, -0.56
3, 16.6, 64.6, -12.8, -1.12
2, 49.4, 43.7, -12.8, 0
0, 13.6, 14.1, -13.12, -0.56
1, 31.7, 29.0, -13.44, 0
0, 13.6, 14.1, -13.76, -0.56
216, 162.4, 1018.7, -0.32, -0.56
173, 120.6, 1005.1, -0.64, -1.12
129, 77.6, 991.2, -0.96, -1.68
65, 49.8, 977.5, -1.28, -2.24
63, 13.9, 950.5, -1.6, -2.8
269, 216.8, 1081.7, 0.64, 0
227, 174.6, 1068.1, 0.32, -0.56
184, 131.5, 1054.2, 0.0, -1.12
141, 88.7, 1040.4, -0.32, -1.68
68, 54.4, 1026.8, -0.64, -2.24
66, 18.5, 999.8, -0.96, -2.8
283, 229.3, 1131.0, 1.28, 0
239, 186.3, 1117.2, 0.96, -0.56
195, 143.5, 1103.3, 0.64, -1.12
150, 99.3, 1089.7, 0.32, -1.68
71, 62.4, 1076.1, -1.11022302463e-16, -2.24
70, 41.9, 1062.4, -0.32, -2.8
69, 23.4, 1048.9, -0.64, -3.36
296, 242.0, 1180.1, 1.92, 0
250, 197.8, 1166.3, 1.6, -0.56
206, 154.0, 1152.6, 1.28, -1.12
164, 112.1, 1139.1, 0.96, -1.68
75, 69.8, 1125.2, 0.64, -2.24
74, 45.2, 1111.7, 0.32, -2.8
72, 10.0, 1084.6, -3.33066907388e-16, -3.36
310, 253.8, 1229.2, 2.56, 0
264, 209.7, 1215.6, 2.24, -0.56
220, 167.7, 1202.0, 1.92, -1.12
176, 124.1, 1188.2, 1.6, -1.68
133, 80.5, 1174.5, 1.28, -2.24
78, 51.2, 1161.0, 0.96, -2.8
76, 14.7, 1134.1, 0.64, -3.36
322, 266.7, 1278.3, 3.2, 0
277, 221.9, 1264.8, 2.88, -0.56
233, 179.7, 1251.2, 2.56, -1.12
189, 135.7, 1237.4, 2.24, -1.68
146, 92.6, 1223.8, 1.92, -2.24
81, 58.6, 1210.2, 1.6, -2.8
80, 37.3, 1196.8, 1.28, -3.36
79, 20.2, 1183.2, 0.96, -3.92
335, 279.0, 1327.8, 3.84, 0
290, 236.3, 1314.1, 3.52, -0.56
244, 192.1, 1300.3, 3.2, -1.12
200, 147.7, 1286.8, 2.88, -1.68
158, 106.1, 1273.2, 2.56, -2.24
84, 64.2, 1259.6, 2.24, -2.8
83, 43.6, 1246.2, 1.92, -3.36
82, 25.1, 1232.7, 1.6, -3.92
351, 293.6, 1377.1, 4.48, 0
304, 249.3, 1363.3, 4.16, -0.56
260, 204.9, 1349.8, 3.84, -1.12
212, 161.9, 1336.2, 3.52, -1.68
170, 117.6, 1322.5, 3.2, -2.24
128, 75.7, 1309.0, 2.88, -2.8
87, 50.0, 1295.3, 2.56, -3.36
85, 12.5, 1268.6, 2.24, -3.92
364, 306.8, 1426.3, 5.12, 0
319, 262.0, 1412.8, 4.8, -0.56
272, 219.5, 1399.2, 4.48, -1.12
228, 174.5, 1385.5, 4.16, -1.68
185, 130.5, 1371.9, 3.84, -2.24
142, 88.9, 1358.3, 3.52, -2.8
90, 53.7, 1344.8, 3.2, -3.36
88, 17.3, 1318.1, 2.88, -3.92
377, 321.3, 1475.9, 5.76, 0
331, 277.3, 1462.2, 5.44, -0.56
286, 232.1, 1448.5, 5.12, -1.12
241, 189.1, 1435.1, 4.8, -1.68
198, 144.7, 1421.3, 4.48, -2.24
157, 100.7, 1407.7, 4.16, -2.8
93, 62.6, 1394.2, 3.84, -3.36
92, 40.0, 1380.8, 3.52, -3.92
91, 21.9, 1367.6, 3.2, -4.48
390, 336.5, 1525.3, 6.4, 0
345, 290.2, 1511.6, 6.08, -0.56
300, 247.0, 1498.1, 5.76, -1.12
254, 202.2, 1484.3, 5.44, -1.68
210, 157.8, 1470.8, 5.12, -2.24
167, 115.2, 1457.2, 4.8, -2.8
125, 71.3, 1443.7, 4.48, -3.36
96, 47.9, 1430.3, 4.16, -3.92
94, 9.1, 1403.6, 3.84, -4.48
407, 350.3, 1574.9, 7.04, 0
363, 305.7, 1561.2, 6.72, -0.56
317, 260.4, 1547.5, 6.4, -1.12
270, 217.1, 1534.1, 6.08, -1.68
225, 172.4, 1520.3, 5.76, -2.24
180, 128.3, 1506.8, 5.44, -2.8
139, 86.3, 1493.2, 5.12, -3.36
99, 51.9, 1479.8, 4.8, -3.92
97, 15.2, 1453.2, 4.48, -4.48
423, 365.8, 1624.3, 7.68, 0
375, 320.1, 1610.8, 7.36, -0.56
332, 276.5, 1597.2, 7.04, -1.12
284, 230.5, 1583.5, 6.72, -1.68
240, 187.6, 1570.1, 6.4, -2.24
197, 143.1, 1556.3, 6.08, -2.8
153, 99.3, 1542.9, 5.76, -3.36
102, 60.8, 1529.3, 5.44, -3.92
101, 36.7, 1516.1, 5.12, -4.48
100, 21.5, 1502.8, 4.8, -5.04
439, 382.3, 1674.1, 8.32, 0
393, 336.1, 1660.3, 8.0, -0.56
348, 290.2, 1646.8, 7.68, -1.12
301, 246.3, 1633.2, 7.36, -1.68
255, 200.8, 1619.6, 7.04, -2.24
208, 158.1, 1606.1, 6.72, -2.8
166, 113.6, 1592.5, 6.4, -3.36
123, 71.5, 1579.1, 6.08, -3.92
105, 45.1, 1565.7, 5.76, -4.48
103, 7.9, 1539.5, 5.44, -5.04
455, 396.9, 1723.8, 8.96, 0
410, 352.1, 1710.2, 8.64, -0.56
365, 306.3, 1696.3, 8.32, -1.12
320, 262.2, 1683.0, 8.0, -1.68
271, 217.0, 1669.3, 7.68, -2.24
226, 171.8, 1655.8, 7.36, -2.8
181, 129.3, 1642.2, 7.04, -3.36
137, 84.5, 1628.8, 6.72, -3.92
108, 52.8, 1615.5, 6.4, -4.48
106, 14.7, 1589.1, 6.08, -5.04
474, 412.7, 1773.5, 9.6, 0
426, 368.0, 1760.0, 9.28, -0.56
379, 322.5, 1746.2, 8.96, -1.12
333, 276.1, 1732.7, 8.64, -1.68
288, 232.8, 1719.2, 8.32, -2.24
242, 187.3, 1705.6, 8.0, -2.8
199, 144.4, 1692.1, 7.68, -3.36
154, 99.5, 1678.6, 7.36, -3.92
111, 61.3, 1665.2, 7.04, -4.48
110, 39.3, 1652.1, 6.72, -5.04
109, 20.5, 1638.8, 6.4, -5.6
489, 429.7, 1823.3, 10.24, 0
444, 384.5, 1810.0, 9.92, -0.56
399, 338.7, 1796.2, 9.6, -1.12
352, 292.4, 1782.5, 9.28, -1.68
306, 248.9, 1769.1, 8.96, -2.24
258, 203.4, 1755.3, 8.64, -2.8
211, 159.4, 1742.1, 8.32, -3.36
168, 115.1, 1728.5, 8.0, -3.92
126, 72.4, 1715.1, 7.68, -4.48
114, 44.6, 1701.8, 7.36, -5.04
112, 7.5, 1676.0, 7.04, -5.6
507, 447.4, 1873.4, 10.88, 0
458, 401.4, 1860.0, 10.56, -0.56
413, 355.6, 1846.2, 10.24, -1.12
368, 308.5, 1832.5, 9.92, -1.68
321, 264.3, 1819.1, 9.6, -2.24
276, 219.6, 1805.3, 9.28, -2.8
229, 175.3, 1792.1, 8.96, -3.36
186, 130.8, 1778.5, 8.64, -3.92
143, 88.1, 1765.1, 8.32, -4.48
117, 51.9, 1751.7, 8.0, -5.04
115, 13.3, 1725.5, 7.68, -5.6
524, 464.0, 1923.6, 11.52, 0
479, 419.0, 1910.1, 11.2, -0.56
431, 372.4, 1896.3, 10.88, -1.12
384, 325.7, 1882.7, 10.56, -1.68
340, 281.6, 1869.2, 10.24, -2.24
291, 235.3, 1855.6, 9.92, -2.8
246, 191.5, 1842.1, 9.6, -3.36
202, 146.5, 1828.6, 9.28, -3.92
159, 103.9, 1815.2, 8.96, -4.48
120, 60.9, 1801.8, 8.64, -5.04
119, 39.0, 1788.6, 8.32, -5.6
118, 9.1, 1775.6, 8.0, -6.16
542, 483.0, 1974.0, 12.16, 0
496, 436.7, 1960.2, 11.84, -0.56
448, 389.4, 1946.4, 11.52, -1.12
402, 343.6, 1933.0, 11.2, -1.68
357, 297.8, 1919.2, 10.88, -2.24
311, 252.0, 1905.8, 10.56, -2.8
265, 208.2, 1892.2, 10.24, -3.36
218, 163.2, 1878.9, 9.92, -3.92
175, 119.1, 1865.4, 9.6, -4.48
131, 76.5, 1852.1, 9.28, -5.04
121, 42.1, 1838.7, 8.96, -5.6
559, 501.4, 2024.2, 12.8, 0
512, 453.5, 2010.5, 12.48, -0.56
467, 407.3, 1997.0, 12.16, -1.12
419, 361.2, 1983.2, 11.84, -1.68
374, 314.1, 1969.6, 11.52, -2.24
329, 270.0, 1956.1, 11.2, -2.8
281, 224.3, 1942.6, 10.88, -3.36
234, 180.6, 1929.2, 10.56, -3.92
191, 135.9, 1915.8, 10.24, -4.48
151, 90.0, 1902.2, 9.92, -5.04
480, 419.2, 2044.8, 12.8, -1.12
440, 377.8, 2033.7, 12.48, -1.68
394, 333.5, 2020.1, 12.16, -2.24
346, 286.7, 2006.6, 11.84, -2.8
302, 242.6, 1993.1, 11.52, -3.36
253, 197.2, 1979.6, 11.2, -3.92
217, 149.6, 1965.8, 10.88, -4.48
191, 135.9, 1915.8, 10.56, -5.04
151, 90.0, 1902.2, 10.24, -5.6
323, 262.9, 2043.5, 11.84, -3.92
287, 207.8, 2030.1, 11.52, -4.48
217, 149.6, 1965.8, 11.2, -5.04
191, 135.9, 1915.8, 10.88, -5.6
151, 90.0, 1902.2, 10.56, -6.16
305, 249.7, 1046.2, 0.32, 0.56
350, 293.6, 1060.1, 0.64, 1.12
392, 337.2, 1074.0, 0.96, 1.68
436, 380.7, 1087.5, 1.28, 2.24
484, 426.6, 1101.2, 1.6, 2.8
529, 471.4, 1115.1, 1.92, 3.36
574, 516.5, 1129.0, 2.24, 3.92
619, 562.0, 1142.6, 2.56, 4.48
664, 609.3, 1156.3, 2.88, 5.04
708, 656.3, 1170.2, 3.2, 5.6
753, 703.7, 1184.1, 3.52, 6.16
799, 751.4, 1198.0, 3.84, 6.72
844, 798.5, 1211.7, 4.16, 7.28
890, 847.2, 1225.4, 4.48, 7.84
936, 896.6, 1239.3, 4.8, 8.4
981, 946.2, 1253.2, 5.12, 8.96
1026, 996.2, 1267.2, 5.44, 9.52
1072, 1046.7, 1281.1, 5.76, 10.08
1115, 1097.6, 1295.1, 6.08, 10.64
1161, 1149.1, 1309.1, 6.4, 11.2
1207, 1201.9, 1323.1, 6.72, 11.76
1253, 1253.6, 1337.1, 7.04, 12.32
1300, 1307.8, 1351.1, 7.36, 12.88
1345, 1361.2, 1365.2, 7.68, 13.44
1390, 1416.0, 1379.2, 8.0, 14.0
1434, 1470.7, 1393.3, 8.32, 14.56
1481, 1526.1, 1407.4, 8.64, 15.12
1526, 1583.1, 1421.7, 8.96, 15.68
1571, 1640.4, 1436.1, 9.28, 16.24
1617, 1698.4, 1450.3, 9.6, 16.8
1661, 1757.4, 1464.6, 9.92, 17.36
1707, 1816.6, 1479.1, 10.24, 17.92
1753, 1877.0, 1493.4, 10.56, 18.48
1798, 1937.9, 1507.9, 10.88, 19.04
1845, 1990.3, 1522.5, 11.2, 19.6
1891, 2023.8, 1536.8, 11.52, 20.16
247, 194.9, 983.2, -0.64, 0
293, 238.0, 997.1, -0.32, 0.56
339, 281.6, 1011.0, 0.0, 1.12
383, 324.5, 1024.7, 0.32, 1.68
428, 369.3, 1038.3, 0.64, 2.24
472, 414.1, 1052.2, 0.96, 2.8
517, 459.2, 1066.1, 1.28, 3.36
561, 503.5, 1079.8, 1.6, 3.92
605, 549.6, 1093.6, 1.92, 4.48
651, 596.6, 1107.3, 2.24, 5.04
696, 643.6, 1121.2, 2.56, 5.6
741, 690.6, 1135.1, 2.88, 6.16
787, 737.7, 1148.9, 3.2, 6.72
831, 785.0, 1162.6, 3.52, 7.28
876, 833.9, 1176.3, 3.84, 7.84
921, 882.9, 1190.3, 4.16, 8.4
967, 931.8, 1204.2, 4.48, 8.96
1013, 981.3, 1218.1, 4.8, 9.52
1059, 1031.5, 1232.1, 5.12, 10.08
1104, 1082.3, 1246.0, 5.44, 10.64
1149, 1133.4, 1260.0, 5.76, 11.2
1194, 1185.5, 1273.9, 6.08, 11.76
1239, 1237.6, 1287.9, 6.4, 12.32
1283, 1290.5, 1301.9, 6.72, 12.88
1329, 1344.7, 1316.0, 7.04, 13.44
1375, 1398.7, 1330.0, 7.36, 14.0
1421, 1453.8, 1344.1, 7.68, 14.56
1467, 1509.5, 1358.2, 8.0, 15.12
1513, 1565.5, 1372.3, 8.32, 15.68
1558, 1623.4, 1386.6, 8.64, 16.24
1605, 1679.9, 1400.9, 8.96, 16.8
1649, 1738.3, 1415.2, 9.28, 17.36
1694, 1797.3, 1429.4, 9.6, 17.92
1740, 1857.2, 1443.7, 9.92, 18.48
1784, 1917.7, 1458.2, 10.24, 19.04
1828, 1977.2, 1472.6, 10.56, 19.6
1875, 2013.2, 1487.0, 10.88, 20.16
236, 184.2, 934.2, -1.28, 0
280, 226.8, 948.1, -0.96, 0.56
326, 269.5, 961.8, -0.64, 1.12
370, 313.3, 975.5, -0.32, 1.68
414, 357.7, 989.3, 1.11022302463e-16, 2.24
461, 402.6, 1003.2, 0.32, 2.8
505, 446.9, 1017.0, 0.64, 3.36
550, 491.3, 1030.8, 0.96, 3.92
597, 537.2, 1044.5, 1.28, 4.48
640, 583.9, 1058.3, 1.6, 5.04
684, 630.6, 1072.2, 1.92, 5.6
730, 677.3, 1086.0, 2.24, 6.16
773, 725.1, 1099.9, 2.56, 6.72
818, 771.9, 1113.6, 2.88, 7.28
863, 820.5, 1127.3, 3.2, 7.84
909, 868.7, 1141.2, 3.52, 8.4
954, 917.4, 1155.2, 3.84, 8.96
999, 966.8, 1169.1, 4.16, 9.52
1044, 1016.9, 1183.0, 4.48, 10.08
1090, 1067.7, 1196.9, 4.8, 10.64
1135, 1118.5, 1210.9, 5.12, 11.2
1181, 1170.6, 1224.8, 5.44, 11.76
1227, 1222.9, 1238.7, 5.76, 12.32
1272, 1276.1, 1252.6, 6.08, 12.88
1317, 1329.2, 1266.7, 6.4, 13.44
1363, 1382.8, 1280.8, 6.72, 14.0
1406, 1437.1, 1294.9, 7.04, 14.56
1452, 1492.5, 1309.0, 7.36, 15.12
1497, 1548.0, 1323.1, 7.68, 15.68
1544, 1605.2, 1337.2, 8.0, 16.24
1588, 1662.0, 1351.4, 8.32, 16.8
1636, 1720.0, 1365.6, 8.64, 17.36
1681, 1778.6, 1380.0, 8.96, 17.92
1726, 1838.3, 1394.3, 9.28, 18.48
1772, 1898.6, 1408.6, 9.6, 19.04
1817, 1960.4, 1423.1, 9.92, 19.6
1861, 2002.1, 1437.4, 10.24, 20.16
1904, 2033.6, 1451.6, 10.56, 20.72
1894, 2024.5, 1402.0, 10.88, 21.28
224, 173.0, 885.1, -1.92, 0
268, 215.7, 899.0, -1.6, 0.56
313, 258.5, 912.7, -1.28, 1.12
358, 302.1, 926.4, -0.96, 1.68
403, 346.3, 940.2, -0.64, 2.24
449, 391.3, 954.1, -0.32, 2.8
493, 435.4, 968.0, 3.33066907388e-16, 3.36
537, 479.5, 981.7, 0.32, 3.92
583, 525.3, 995.5, 0.64, 4.48
629, 571.9, 1009.2, 0.96, 5.04
673, 618.3, 1023.2, 1.28, 5.6
717, 664.6, 1037.0, 1.6, 6.16
762, 711.8, 1050.9, 1.92, 6.72
807, 759.2, 1064.6, 2.24, 7.28
851, 807.6, 1078.3, 2.56, 7.84
895, 856.1, 1092.2, 2.88, 8.4
941, 904.5, 1106.2, 3.2, 8.96
986, 953.5, 1120.1, 3.52, 9.52
1032, 1002.8, 1134.0, 3.84, 10.08
1077, 1053.4, 1147.9, 4.16, 10.64
1122, 1104.8, 1161.8, 4.48, 11.2
1167, 1155.7, 1175.5, 4.8, 11.76
1212, 1207.6, 1189.5, 5.12, 12.32
1258, 1259.9, 1203.5, 5.44, 12.88
1303, 1313.0, 1217.4, 5.76, 13.44
1350, 1366.4, 1231.5, 6.08, 14.0
1395, 1421.8, 1245.6, 6.4, 14.56
1440, 1476.6, 1259.6, 6.72, 15.12
1485, 1531.5, 1273.9, 7.04, 15.68
1530, 1587.8, 1288.0, 7.36, 16.24
1575, 1645.1, 1302.1, 7.68, 16.8
1620, 1702.3, 1316.3, 8.0, 17.36
1666, 1761.7, 1330.6, 8.32, 17.92
1711, 1819.5, 1344.7, 8.64, 18.48
1758, 1879.3, 1359.2, 8.96, 19.04
1803, 1941.6, 1373.6, 9.28, 19.6
1847, 1991.2, 1387.8, 9.6, 20.16
1894, 2024.5, 1402.0, 9.92, 20.72
215, 161.8, 835.9, -2.56, 0
261, 204.5, 849.8, -2.24, 0.56
303, 247.6, 863.6, -1.92, 1.12
349, 292.2, 877.3, -1.6, 1.68
391, 335.9, 891.2, -1.28, 2.24
435, 380.1, 905.1, -0.96, 2.8
482, 424.2, 919.0, -0.64, 3.36
527, 468.0, 932.7, -0.32, 3.92
572, 513.8, 946.5, 1.11022302463e-16, 4.48
616, 559.5, 960.2, 0.32, 5.04
660, 606.3, 974.1, 0.64, 5.6
704, 652.3, 988.0, 0.96, 6.16
751, 699.8, 1001.9, 1.28, 6.72
795, 746.6, 1015.6, 1.6, 7.28
841, 795.1, 1029.3, 1.92, 7.84
883, 843.1, 1043.3, 2.24, 8.4
930, 891.4, 1057.2, 2.56, 8.96
975, 939.9, 1071.1, 2.88, 9.52
1017, 989.1, 1085.0, 3.2, 10.08
1064, 1039.6, 1098.9, 3.52, 10.64
1109, 1090.1, 1112.7, 3.84, 11.2
1155, 1141.1, 1126.5, 4.16, 11.76
1200, 1193.0, 1140.4, 4.48, 12.32
1245, 1245.0, 1154.4, 4.8, 12.88
1290, 1297.7, 1168.4, 5.12, 13.44
1335, 1351.9, 1182.4, 5.44, 14.0
1381, 1405.4, 1196.4, 5.76, 14.56
1427, 1460.2, 1210.5, 6.08, 15.12
1472, 1516.0, 1224.6, 6.4, 15.68
1518, 1571.6, 1238.6, 6.72, 16.24
1563, 1627.8, 1252.9, 7.04, 16.8
1608, 1685.2, 1267.0, 7.36, 17.36
1652, 1743.4, 1281.2, 7.68, 17.92
1697, 1802.0, 1295.4, 8.0, 18.48
1743, 1861.7, 1309.6, 8.32, 19.04
1788, 1922.1, 1324.0, 8.64, 19.6
1834, 1980.1, 1338.3, 8.96, 20.16
1879, 2013.4, 1352.5, 9.28, 20.72
205, 152.5, 786.7, -3.2, 0
248, 194.9, 800.6, -2.88, 0.56
294, 238.2, 814.5, -2.56, 1.12
338, 281.4, 828.2, -2.24, 1.68
382, 325.2, 842.1, -1.92, 2.24
427, 368.9, 856.1, -1.6, 2.8
471, 413.3, 870.0, -1.28, 3.36
516, 457.0, 883.7, -0.96, 3.92
560, 502.5, 897.5, -0.64, 4.48
603, 548.6, 911.2, -0.32, 5.04
649, 594.1, 925.1, -3.33066907388e-16, 5.6
694, 640.4, 939.0, 0.32, 6.16
739, 687.6, 952.9, 0.64, 6.72
783, 734.1, 966.6, 0.96, 7.28
827, 782.5, 980.3, 1.28, 7.84
872, 830.5, 994.3, 1.6, 8.4
918, 878.7, 1008.2, 1.92, 8.96
963, 926.5, 1022.1, 2.24, 9.52
1008, 975.7, 1036.0, 2.56, 10.08
1053, 1026.0, 1049.9, 2.88, 10.64
1098, 1076.6, 1063.8, 3.2, 11.2
1142, 1127.0, 1077.4, 3.52, 11.76
1186, 1178.3, 1091.4, 3.84, 12.32
1232, 1230.5, 1105.3, 4.16, 12.88
1278, 1283.5, 1119.3, 4.48, 13.44
1323, 1336.6, 1133.3, 4.8, 14.0
1367, 1390.4, 1147.3, 5.12, 14.56
1413, 1444.7, 1161.3, 5.44, 15.12
1458, 1499.5, 1175.4, 5.76, 15.68
1503, 1555.5, 1189.5, 6.08, 16.24
1548, 1612.0, 1203.6, 6.4, 16.8
1594, 1668.3, 1217.6, 6.72, 17.36
1640, 1725.8, 1231.9, 7.04, 17.92
1686, 1784.5, 1246.1, 7.36, 18.48
1731, 1843.8, 1260.3, 7.68, 19.04
1774, 1904.2, 1274.6, 8.0, 19.6
1820, 1964.5, 1288.8, 8.32, 20.16
1865, 2004.4, 1303.0, 8.64, 20.72
1908, 2034.6, 1317.0, 8.96, 21.28
1865, 2004.4, 1303.0, 9.28, 21.84
1908, 2034.6, 1317.0, 9.6, 22.4
1865, 2004.4, 1303.0, 9.92, 22.96
196, 142.4, 737.6, -3.84, 0
238, 185.6, 751.5, -3.52, 0.56
282, 228.7, 765.2, -3.2, 1.12
327, 271.1, 779.2, -2.88, 1.68
371, 314.9, 793.1, -2.56, 2.24
417, 358.8, 807.0, -2.24, 2.8
462, 403.3, 821.0, -1.92, 3.36
506, 446.9, 834.7, -1.6, 3.92
551, 491.6, 848.5, -1.28, 4.48
596, 537.0, 862.2, -0.96, 5.04
639, 582.6, 876.2, -0.64, 5.6
682, 629.0, 890.1, -0.32, 6.16
725, 676.4, 904.0, -7.77156117238e-16, 6.72
771, 722.7, 917.7, 0.32, 7.28
816, 770.5, 931.5, 0.64, 7.84
862, 818.4, 945.3, 0.96, 8.4
906, 866.2, 959.2, 1.28, 8.96
951, 914.1, 973.1, 1.6, 9.52
995, 963.1, 987.0, 1.92, 10.08
1042, 1013.2, 1000.9, 2.24, 10.64
1086, 1063.2, 1014.8, 2.56, 11.2
1132, 1113.8, 1028.5, 2.88, 11.76
1178, 1164.7, 1042.4, 3.2, 12.32
1221, 1216.5, 1056.3, 3.52, 12.88
1266, 1269.2, 1070.3, 3.84, 13.44
1308, 1321.5, 1084.3, 4.16, 14.0
1355, 1375.4, 1098.3, 4.48, 14.56
1401, 1429.6, 1112.3, 4.8, 15.12
1446, 1484.6, 1126.3, 5.12, 15.68
1490, 1539.4, 1140.3, 5.44, 16.24
1536, 1595.6, 1154.4, 5.76, 16.8
1581, 1653.3, 1168.6, 6.08, 17.36
1626, 1710.1, 1182.6, 6.4, 17.92
1672, 1767.2, 1196.8, 6.72, 18.48
1717, 1826.4, 1211.0, 7.04, 19.04
1763, 1886.0, 1225.2, 7.36, 19.6
1808, 1947.8, 1239.6, 7.68, 20.16
1852, 1993.9, 1253.5, 8.0, 20.72
1896, 2025.9, 1267.6, 8.32, 21.28
188, 134.2, 688.2, -4.48, 0
231, 176.4, 702.2, -4.16, 0.56
275, 218.9, 716.2, -3.84, 1.12
318, 261.7, 730.1, -3.52, 1.68
361, 305.2, 744.1, -3.2, 2.24
406, 348.8, 758.0, -2.88, 2.8
450, 392.7, 771.8, -2.56, 3.36
494, 436.3, 785.6, -2.24, 3.92
538, 481.3, 799.5, -1.92, 4.48
585, 526.6, 813.2, -1.6, 5.04
628, 571.6, 827.2, -1.28, 5.6
672, 617.5, 841.1, -0.96, 6.16
719, 665.0, 855.0, -0.64, 6.72
761, 712.4, 868.8, -0.32, 7.28
806, 759.6, 882.6, -7.77156117238e-16, 7.84
849, 806.8, 896.3, 0.32, 8.4
893, 854.7, 910.2, 0.64, 8.96
939, 902.3, 924.1, 0.96, 9.52
984, 950.9, 938.0, 1.28, 10.08
1030, 1000.3, 951.9, 1.6, 10.64
1074, 1050.8, 965.9, 1.92, 11.2
1118, 1100.4, 979.6, 2.24, 11.76
1163, 1151.5, 993.4, 2.56, 12.32
1209, 1203.2, 1007.3, 2.88, 12.88
1255, 1255.1, 1021.3, 3.2, 13.44
1299, 1307.3, 1035.3, 3.52, 14.0
1344, 1360.5, 1049.2, 3.84, 14.56
1389, 1414.5, 1063.2, 4.16, 15.12
1432, 1469.2, 1077.2, 4.48, 15.68
1476, 1524.0, 1091.2, 4.8, 16.24
1523, 1580.2, 1105.3, 5.12, 16.8
1568, 1636.3, 1119.3, 5.44, 17.36
1613, 1693.7, 1133.4, 5.76, 17.92
1658, 1751.9, 1147.6, 6.08, 18.48
1703, 1810.2, 1161.6, 6.4, 19.04
1749, 1868.7, 1175.9, 6.72, 19.6
1794, 1928.9, 1190.1, 7.04, 20.16
1837, 1983.8, 1204.3, 7.36, 20.72
1884, 2016.8, 1218.4, 7.68, 21.28
178, 125.1, 639.1, -5.12, 0
221, 167.0, 653.1, -4.8, 0.56
263, 209.9, 667.1, -4.48, 1.12
309, 252.8, 681.0, -4.16, 1.68
354, 295.8, 695.0, -3.84, 2.24
398, 339.2, 709.0, -3.52, 2.8
443, 382.2, 722.7, -3.2, 3.36
486, 426.8, 736.6, -2.88, 3.92
528, 471.0, 750.5, -2.56, 4.48
573, 516.1, 764.2, -2.24, 5.04
618, 561.4, 778.2, -1.92, 5.6
662, 606.9, 792.1, -1.6, 6.16
707, 654.1, 806.1, -1.28, 6.72
752, 702.1, 820.0, -0.96, 7.28
796, 748.5, 833.7, -0.64, 7.84
840, 795.9, 847.5, -0.32, 8.4
887, 842.8, 861.3, 1.11022302463e-16, 8.96
929, 890.9, 875.2, 0.32, 9.52
972, 939.1, 889.1, 0.64, 10.08
1016, 987.9, 903.0, 0.96, 10.64
1062, 1037.6, 916.9, 1.28, 11.2
1107, 1088.5, 930.8, 1.6, 11.76
1152, 1138.7, 944.4, 1.92, 12.32
1197, 1190.0, 958.4, 2.24, 12.88
1242, 1241.6, 972.3, 2.56, 13.44
1286, 1294.0, 986.2, 2.88, 14.0
1334, 1347.1, 1000.2, 3.2, 14.56
1378, 1400.1, 1014.2, 3.52, 15.12
1423, 1454.8, 1028.2, 3.84, 15.68
1466, 1509.1, 1042.2, 4.16, 16.24
1512, 1564.8, 1056.2, 4.48, 16.8
1555, 1621.1, 1070.2, 4.8, 17.36
1599, 1677.7, 1084.3, 5.12, 17.92
1646, 1735.2, 1098.3, 5.44, 18.48
1691, 1794.7, 1112.6, 5.76, 19.04
1737, 1852.7, 1126.6, 6.08, 19.6
1781, 1911.9, 1140.7, 6.4, 20.16
1825, 1972.2, 1155.0, 6.72, 20.72
1870, 2008.8, 1169.0, 7.04, 21.28
1914, 2038.5, 1183.0, 7.36, 21.84
1902, 2030.3, 1133.6, 7.68, 22.4
169, 117.3, 590.0, -5.76, 0
209, 157.9, 603.9, -5.44, 0.56
252, 201.2, 618.0, -5.12, 1.12
298, 243.3, 631.8, -4.8, 1.68
343, 286.5, 645.8, -4.48, 2.24
387, 330.3, 659.9, -4.16, 2.8
430, 372.8, 673.7, -3.84, 3.36
476, 416.6, 687.6, -3.52, 3.92
521, 461.1, 701.5, -3.2, 4.48
566, 506.2, 715.3, -2.88, 5.04
610, 551.3, 729.2, -2.56, 5.6
652, 596.4, 743.1, -2.24, 6.16
695, 643.6, 757.1, -1.92, 6.72
740, 691.0, 771.0, -1.6, 7.28
785, 737.7, 784.8, -1.28, 7.84
829, 784.7, 798.6, -0.96, 8.4
875, 831.3, 812.3, -0.64, 8.96
919, 879.2, 826.2, -0.32, 9.52
964, 927.6, 840.2, 9.99200722163e-16, 10.08
1010, 976.5, 854.1, 0.32, 10.64
1052, 1025.7, 868.0, 0.64, 11.2
1097, 1075.9, 881.9, 0.96, 11.76
1139, 1126.5, 895.8, 1.28, 12.32
1184, 1177.1, 909.4, 1.6, 12.88
1230, 1228.9, 923.3, 1.92, 13.44
1276, 1281.0, 937.3, 2.24, 14.0
1320, 1333.1, 951.2, 2.56, 14.56
1365, 1386.5, 965.2, 2.88, 15.12
1409, 1440.5, 979.2, 3.2, 15.68
1453, 1494.7, 993.1, 3.52, 16.24
1501, 1550.2, 1007.1, 3.84, 16.8
1545, 1606.0, 1021.2, 4.16, 17.36
1590, 1662.7, 1035.2, 4.48, 17.92
1635, 1719.8, 1049.2, 4.8, 18.48
1678, 1777.6, 1063.3, 5.12, 19.04
1722, 1837.2, 1077.5, 5.44, 19.6
1767, 1896.4, 1091.6, 5.76, 20.16
1814, 1955.9, 1105.6, 6.08, 20.72
1858, 1998.6, 1119.5, 6.4, 21.28
1902, 2030.3, 1133.6, 6.72, 21.84
161, 108.0, 540.5, -6.4, 0
203, 149.5, 554.6, -6.08, 0.56
245, 191.8, 568.6, -5.76, 1.12
289, 234.3, 582.6, -5.44, 1.68
334, 276.9, 596.6, -5.12, 2.24
376, 320.1, 610.6, -4.8, 2.8
421, 364.2, 624.6, -4.48, 3.36
465, 407.9, 638.5, -4.16, 3.92
510, 451.7, 652.5, -3.84, 4.48
554, 496.2, 666.4, -3.52, 5.04
598, 541.2, 680.2, -3.2, 5.6
644, 586.6, 694.2, -2.88, 6.16
689, 632.7, 708.1, -2.56, 6.72
733, 680.3, 722.0, -2.24, 7.28
777, 727.3, 735.9, -1.92, 7.84
819, 773.4, 749.7, -1.6, 8.4
864, 820.4, 763.5, -1.28, 8.96
908, 867.8, 777.3, -0.96, 9.52
952, 916.4, 791.2, -0.64, 10.08
997, 964.6, 805.1, -0.32, 10.64
1043, 1013.7, 819.0, 1.88737914186e-15, 11.2
1087, 1063.5, 832.9, 0.32, 11.76
1131, 1114.5, 846.9, 0.64, 12.32
1177, 1166.1, 860.8, 0.96, 12.88
1220, 1216.5, 874.4, 1.28, 13.44
1265, 1268.4, 888.3, 1.6, 14.0
1307, 1320.5, 902.2, 1.92, 14.56
1352, 1373.2, 916.2, 2.24, 15.12
1398, 1427.0, 930.2, 2.56, 15.68
1444, 1481.1, 944.1, 2.88, 16.24
1488, 1535.6, 958.1, 3.2, 16.8
1533, 1591.4, 972.1, 3.52, 17.36
1577, 1647.7, 986.1, 3.84, 17.92
1622, 1704.2, 1000.1, 4.16, 18.48
1668, 1761.8, 1014.1, 4.48, 19.04
1713, 1820.3, 1028.2, 4.8, 19.6
1757, 1879.4, 1042.3, 5.12, 20.16
1801, 1940.5, 1056.5, 5.44, 20.72
1844, 1989.9, 1070.5, 5.76, 21.28
1889, 2021.8, 1084.5, 6.08, 21.84
152, 100.4, 491.1, -7.04, 0
194, 142.4, 505.2, -6.72, 0.56
237, 184.3, 519.2, -6.4, 1.12
279, 226.0, 533.4, -6.08, 1.68
325, 268.5, 547.4, -5.76, 2.24
369, 311.8, 561.5, -5.44, 2.8
411, 355.0, 575.4, -5.12, 3.36
456, 398.7, 589.4, -4.8, 3.92
500, 443.1, 603.3, -4.48, 4.48
543, 487.1, 617.2, -4.16, 5.04
589, 531.9, 631.2, -3.84, 5.6
633, 577.1, 645.1, -3.52, 6.16
677, 622.6, 659.1, -3.2, 6.72
722, 669.6, 673.0, -2.88, 7.28
766, 716.5, 687.0, -2.56, 7.84
812, 762.9, 700.8, -2.24, 8.4
856, 809.4, 714.6, -1.92, 8.96
901, 857.2, 728.3, -1.6, 9.52
943, 904.7, 742.2, -1.28, 10.08
987, 953.7, 756.2, -0.96, 10.64
1031, 1002.6, 770.1, -0.64, 11.2
1076, 1052.2, 784.0, -0.32, 11.76
1119, 1102.3, 797.9, 2.77555756156e-15, 12.32
1166, 1153.2, 811.8, 0.32, 12.88
1211, 1203.7, 825.5, 0.64, 13.44
1254, 1255.7, 839.4, 0.96, 14.0
1298, 1307.7, 853.3, 1.28, 14.56
1343, 1360.4, 867.2, 1.6, 15.12
1388, 1413.4, 881.2, 1.92, 15.68
1430, 1467.2, 895.1, 2.24, 16.24
1475, 1521.7, 909.1, 2.56, 16.8
1521, 1577.5, 923.1, 2.88, 17.36
1567, 1633.1, 937.0, 3.2, 17.92
1611, 1689.4, 951.0, 3.52, 18.48
1656, 1746.8, 965.0, 3.84, 19.04
1700, 1804.5, 979.1, 4.16, 19.6
1744, 1863.5, 993.1, 4.48, 20.16
1791, 1922.6, 1007.2, 4.8, 20.72
1833, 1980.0, 1021.3, 5.12, 21.28
1878, 2013.7, 1035.4, 5.44, 21.84
147, 92.4, 441.7, -7.68, 0
187, 134.8, 456.0, -7.36, 0.56
230, 176.1, 470.1, -7.04, 1.12
274, 218.0, 484.1, -6.72, 1.68
316, 260.8, 498.1, -6.4, 2.24
360, 303.0, 512.2, -6.08, 2.8
404, 346.6, 526.2, -5.76, 3.36
447, 390.4, 540.2, -5.44, 3.92
492, 434.5, 554.2, -5.12, 4.48
536, 478.1, 568.2, -4.8, 5.04
579, 522.3, 582.2, -4.48, 5.6
624, 567.4, 596.1, -4.16, 6.16
668, 612.9, 610.1, -3.84, 6.72
711, 659.2, 624.0, -3.52, 7.28
756, 706.0, 638.0, -3.2, 7.84
800, 752.6, 651.9, -2.88, 8.4
845, 798.8, 665.7, -2.56, 8.96
889, 846.1, 679.5, -2.24, 9.52
935, 894.3, 693.3, -1.92, 10.08
980, 942.8, 707.2, -1.6, 10.64
1024, 991.6, 721.1, -1.28, 11.2
1066, 1040.7, 735.1, -0.96, 11.76
1110, 1090.3, 749.0, -0.64, 12.32
1154, 1141.3, 762.9, -0.32, 12.88
1199, 1192.4, 776.8, 3.66373598126e-15, 13.44
1243, 1243.7, 790.4, 0.32, 14.0
1288, 1295.4, 804.3, 0.64, 14.56
1333, 1347.9, 818.3, 0.96, 15.12
1377, 1400.9, 832.2, 1.28, 15.68
1422, 1454.1, 846.1, 1.6, 16.24
1465, 1508.7, 860.1, 1.92, 16.8
1511, 1563.6, 874.0, 2.24, 17.36
1553, 1619.0, 888.0, 2.56, 17.92
1598, 1675.4, 902.0, 2.88, 18.48
1643, 1732.1, 915.9, 3.2, 19.04
1688, 1789.4, 930.0, 3.52, 19.6
1734, 1848.4, 944.0, 3.84, 20.16
1779, 1907.2, 958.0, 4.16, 20.72
1823, 1967.3, 972.1, 4.48, 21.28
1866, 2006.1, 986.0, 4.8, 21.84
1910, 2035.6, 1000.0, 5.12, 22.4
138, 85.5, 392.2, -8.32, 0
179, 126.4, 406.5, -8.0, 0.56
222, 167.7, 420.7, -7.68, 1.12
266, 210.5, 435.0, -7.36, 1.68
308, 252.6, 449.0, -7.04, 2.24
353, 294.9, 463.0, -6.72, 2.8
396, 337.8, 477.1, -6.4, 3.36
441, 381.6, 491.1, -6.08, 3.92
483, 425.0, 505.1, -5.76, 4.48
526, 469.3, 519.1, -5.44, 5.04
571, 513.7, 533.1, -5.12, 5.6
615, 558.4, 547.1, -4.8, 6.16
659, 604.0, 561.1, -4.48, 6.72
702, 649.6, 575.0, -4.16, 7.28
746, 696.2, 589.0, -3.84, 7.84
790, 742.9, 602.9, -3.52, 8.4
834, 789.3, 616.9, -3.2, 8.96
879, 836.0, 630.6, -2.88, 9.52
923, 884.0, 644.3, -2.56, 10.08
968, 931.9, 658.3, -2.24, 10.64
1012, 980.5, 672.2, -1.92, 11.2
1056, 1029.6, 686.1, -1.6, 11.76
1103, 1079.2, 700.0, -1.28, 12.32
1147, 1129.7, 714.0, -0.96, 12.88
1192, 1180.7, 727.8, -0.64, 13.44
1235, 1231.8, 741.5, -0.32, 14.0
1277, 1283.5, 755.4, 4.55191440096e-15, 14.56
1322, 1335.6, 769.3, 0.32, 15.12
1366, 1388.4, 783.2, 0.64, 15.68
1411, 1442.6, 797.2, 0.96, 16.24
1457, 1495.6, 811.1, 1.28, 16.8
1500, 1550.2, 825.0, 1.6, 17.36
1546, 1605.8, 839.0, 1.92, 17.92
1589, 1661.9, 852.9, 2.24, 18.48
1633, 1718.2, 866.9, 2.56, 19.04
1677, 1776.1, 880.8, 2.88, 19.6
1721, 1833.8, 894.7, 3.2, 20.16
1766, 1892.1, 908.7, 3.52, 20.72
1811, 1951.8, 922.7, 3.84, 21.28
1855, 1997.8, 936.8, 4.16, 21.84
1900, 2029.2, 950.6, 4.48, 22.4
132, 77.6, 342.7, -8.96, 0
171, 119.2, 357.1, -8.64, 0.56
214, 160.8, 371.2, -8.32, 1.12
257, 202.2, 385.4, -8.0, 1.68
299, 243.9, 399.6, -7.68, 2.24
344, 286.7, 413.8, -7.36, 2.8
388, 330.4, 428.0, -7.04, 3.36
432, 373.2, 442.0, -6.72, 3.92
475, 416.9, 456.0, -6.4, 4.48
520, 460.8, 470.1, -6.08, 5.04
564, 505.0, 484.1, -5.76, 5.6
607, 550.2, 498.1, -5.44, 6.16
650, 595.0, 512.1, -5.12, 6.72
693, 640.9, 526.0, -4.8, 7.28
738, 686.4, 540.0, -4.48, 7.84
782, 733.2, 553.9, -4.16, 8.4
826, 779.6, 567.9, -3.84, 8.96
869, 826.8, 581.8, -3.52, 9.52
914, 873.9, 595.6, -3.2, 10.08
958, 922.2, 609.3, -2.88, 10.64
1002, 970.0, 623.2, -2.56, 11.2
1046, 1019.1, 637.2, -2.24, 11.76
1091, 1068.5, 651.1, -1.92, 12.32
1136, 1118.1, 665.0, -1.6, 12.88
1180, 1169.7, 678.9, -1.28, 13.44
1225, 1220.4, 692.8, -0.96, 14.0
1271, 1272.6, 706.6, -0.64, 14.56
1315, 1323.8, 720.3, -0.32, 15.12
1357, 1376.2, 734.3, 4.55191440096e-15, 15.68
1400, 1429.5, 748.2, 0.32, 16.24
1445, 1483.3, 762.1, 0.64, 16.8
1489, 1537.3, 776.1, 0.96, 17.36
1534, 1592.6, 790.0, 1.28, 17.92
1579, 1649.0, 803.9, 1.6, 18.48
1624, 1705.1, 817.8, 1.92, 19.04
1669, 1762.5, 831.6, 2.24, 19.6
1712, 1819.9, 845.6, 2.56, 20.16
1756, 1878.5, 859.6, 2.88, 20.72
1800, 1938.0, 873.6, 3.2, 21.28
1843, 1988.7, 887.6, 3.52, 21.84
1888, 2021.2, 901.5, 3.84, 22.4
124, 71.0, 293.1, -9.6, 0
165, 111.5, 307.5, -9.28, 0.56
207, 153.1, 321.8, -8.96, 1.12
249, 195.3, 336.1, -8.64, 1.68
292, 236.6, 350.2, -8.32, 2.24
336, 278.7, 364.4, -8.0, 2.8
380, 321.6, 378.6, -7.68, 3.36
424, 364.5, 392.7, -7.36, 3.92
466, 408.6, 406.9, -7.04, 4.48
511, 452.7, 421.0, -6.72, 5.04
556, 497.2, 435.0, -6.4, 5.6
601, 541.9, 449.0, -6.08, 6.16
643, 586.6, 463.0, -5.76, 6.72
687, 632.0, 477.0, -5.44, 7.28
731, 678.0, 491.0, -5.12, 7.84
772, 724.0, 504.9, -4.8, 8.4
817, 770.5, 518.9, -4.48, 8.96
861, 817.4, 532.8, -4.16, 9.52
905, 863.8, 546.6, -3.84, 10.08
950, 912.2, 560.3, -3.52, 10.64
993, 959.9, 574.3, -3.2, 11.2
1037, 1008.9, 588.2, -2.88, 11.76
1081, 1057.9, 602.1, -2.56, 12.32
1125, 1107.9, 616.1, -2.24, 12.88
1170, 1158.3, 630.0, -1.92, 13.44
1214, 1209.3, 643.9, -1.6, 14.0
1259, 1261.4, 657.6, -1.28, 14.56
1302, 1312.6, 671.4, -0.96, 15.12
1348, 1365.1, 685.3, -0.64, 15.68
1393, 1418.0, 699.2, -0.32, 16.24
1438, 1471.0, 713.1, 4.55191440096e-15, 16.8
1480, 1525.2, 727.1, 0.32, 17.36
1524, 1580.1, 741.0, 0.64, 17.92
1569, 1635.7, 754.9, 0.96, 18.48
1612, 1692.2, 768.8, 1.28, 19.04
1657, 1749.8, 782.6, 1.6, 19.6
1701, 1807.0, 796.6, 1.92, 20.16
1745, 1864.8, 810.6, 2.24, 20.72
1790, 1923.8, 824.6, 2.56, 21.28
1835, 1980.8, 838.5, 2.88, 21.84
1877, 2013.5, 852.4, 3.2, 22.4
15, 64.1, 243.5, -10.24, 0
160, 104.8, 257.8, -9.92, 0.56
201, 146.0, 272.1, -9.6, 1.12
243, 187.4, 286.5, -9.28, 1.68
285, 230.3, 300.9, -8.96, 2.24
330, 271.5, 315.1, -8.64, 2.8
372, 313.6, 329.1, -8.32, 3.36
416, 357.1, 343.4, -8.0, 3.92
460, 399.7, 357.5, -7.68, 4.48
504, 443.9, 371.7, -7.36, 5.04
547, 488.0, 385.7, -7.04, 5.6
590, 532.9, 399.8, -6.72, 6.16
634, 578.7, 413.9, -6.4, 6.72
678, 623.7, 427.9, -6.08, 7.28
721, 669.5, 441.9, -5.76, 7.84
765, 715.1, 455.9, -5.44, 8.4
811, 761.5, 469.9, -5.12, 8.96
855, 807.5, 483.7, -4.8, 9.52
897, 854.7, 497.6, -4.48, 10.08
940, 902.5, 511.5, -4.16, 10.64
985, 950.7, 525.3, -3.84, 11.2
1028, 998.9, 539.2, -3.52, 11.76
1073, 1048.1, 553.2, -3.2, 12.32
1117, 1097.9, 567.1, -2.88, 12.88
1160, 1147.8, 581.0, -2.56, 13.44
1205, 1198.4, 594.9, -2.24, 14.0
1248, 1250.1, 608.8, -1.92, 14.56
1292, 1301.5, 622.4, -1.6, 15.12
1337, 1353.6, 636.3, -1.28, 15.68
1382, 1406.5, 650.2, -0.96, 16.24
1426, 1459.5, 664.1, -0.64, 16.8
1471, 1513.5, 678.1, -0.32, 17.36
1516, 1568.0, 692.0, 4.55191440096e-15, 17.92
1560, 1623.8, 705.8, 0.32, 18.48
1604, 1680.0, 719.6, 0.64, 19.04
1647, 1736.9, 733.6, 0.96, 19.6
1692, 1793.9, 747.6, 1.28, 20.16
1736, 1852.3, 761.5, 1.6, 20.72
1780, 1910.5, 775.5, 1.92, 21.28
1824, 1969.8, 789.5, 2.24, 21.84
1867, 2006.7, 803.2, 2.56, 22.4
1913, 2036.5, 817.0, 2.88, 22.96
11, 59.9, 193.7, -10.88, 0
155, 98.4, 208.1, -10.56, 0.56
193, 139.2, 222.6, -10.24, 1.12
235, 181.3, 237.0, -9.92, 1.68
278, 222.3, 251.2, -9.6, 2.24
324, 263.7, 265.5, -9.28, 2.8
366, 306.0, 279.7, -8.96, 3.36
409, 349.2, 294.0, -8.64, 3.92
452, 392.3, 308.1, -8.32, 4.48
497, 435.8, 322.4, -8.0, 5.04
540, 480.4, 336.5, -7.68, 5.6
584, 525.0, 350.5, -7.36, 6.16
627, 569.4, 364.6, -7.04, 6.72
670, 614.7, 378.7, -6.72, 7.28
713, 660.0, 392.7, -6.4, 7.84
757, 706.1, 406.8, -6.08, 8.4
801, 752.6, 420.7, -5.76, 8.96
846, 798.8, 434.7, -5.44, 9.52
888, 845.9, 448.6, -5.12, 10.08
934, 893.5, 462.5, -4.8, 10.64
979, 941.5, 476.3, -4.48, 11.2
1022, 989.7, 490.2, -4.16, 11.76
1063, 1038.1, 504.2, -3.84, 12.32
1108, 1087.5, 518.1, -3.52, 12.88
1153, 1137.7, 532.0, -3.2, 13.44
1196, 1188.1, 545.9, -2.88, 14.0
1241, 1239.4, 559.8, -2.56, 14.56
1284, 1291.9, 573.6, -2.24, 15.12
1328, 1343.1, 587.3, -1.92, 15.68
1372, 1395.2, 601.2, -1.6, 16.24
1415, 1448.1, 615.2, -1.28, 16.8
1460, 1501.8, 629.1, -0.96, 17.36
1505, 1556.4, 643.0, -0.64, 17.92
1550, 1611.5, 656.9, -0.32, 18.48
1593, 1668.3, 670.6, 4.55191440096e-15, 19.04
1638, 1724.4, 684.6, 0.32, 19.6
1682, 1781.9, 698.5, 0.64, 20.16
1727, 1839.5, 712.5, 0.96, 20.72
1770, 1896.1, 726.3, 1.28, 21.28
1815, 1954.6, 740.2, 1.6, 21.84
1857, 1999.6, 754.1, 1.92, 22.4
1901, 2030.2, 767.6, 2.24, 22.96
8, 55.9, 143.8, -11.52, 0
148, 92.0, 158.4, -11.2, 0.56
190, 133.4, 173.0, -10.88, 1.12
232, 174.4, 187.2, -10.56, 1.68
273, 214.6, 201.6, -10.24, 2.24
315, 257.5, 216.0, -9.92, 2.8
359, 299.5, 230.4, -9.6, 3.36
401, 341.3, 244.6, -9.28, 3.92
446, 384.1, 258.7, -8.96, 4.48
490, 428.1, 272.9, -8.64, 5.04
533, 473.0, 287.1, -8.32, 5.6
576, 517.3, 301.2, -8.0, 6.16
620, 562.1, 315.2, -7.68, 6.72
661, 606.9, 329.4, -7.36, 7.28
705, 651.6, 343.5, -7.04, 7.84
750, 697.4, 357.5, -6.72, 8.4
794, 743.9, 371.5, -6.4, 8.96
837, 789.9, 385.5, -6.08, 9.52
880, 837.3, 399.5, -5.76, 10.08
924, 884.6, 413.3, -5.44, 10.64
969, 932.3, 427.3, -5.12, 11.2
1014, 980.2, 441.2, -4.8, 11.76
1058, 1028.9, 455.2, -4.48, 12.32
1102, 1077.9, 469.1, -4.16, 12.88
1146, 1128.2, 483.0, -3.84, 13.44
1188, 1178.6, 496.9, -3.52, 14.0
1231, 1229.3, 510.9, -3.2, 14.56
1275, 1281.6, 524.6, -2.88, 15.12
1319, 1332.3, 538.4, -2.56, 15.68
1364, 1384.6, 552.3, -2.24, 16.24
1408, 1437.1, 566.2, -1.92, 16.8
1451, 1490.5, 580.1, -1.6, 17.36
1495, 1544.8, 593.9, -1.28, 17.92
1538, 1600.1, 607.8, -0.96, 18.48
1582, 1656.0, 621.6, -0.64, 19.04
1628, 1712.7, 635.6, -0.32, 19.6
1673, 1768.3, 649.4, 4.55191440096e-15, 20.16
1716, 1825.4, 663.3, 0.32, 20.72
1761, 1883.4, 677.1, 0.64, 21.28
1805, 1941.6, 691.1, 0.96, 21.84
1849, 1992.0, 704.9, 1.28, 22.4
1893, 2023.2, 718.5, 1.6, 22.96
5, 52.4, 93.8, -12.16, 0
144, 86.6, 108.4, -11.84, 0.56
182, 127.9, 123.0, -11.52, 1.12
223, 167.8, 137.5, -11.2, 1.68
267, 209.6, 152.0, -10.88, 2.24
312, 250.7, 166.4, -10.56, 2.8
355, 292.2, 180.7, -10.24, 3.36
397, 335.5, 195.1, -9.92, 3.92
438, 377.6, 209.3, -9.6, 4.48
481, 420.2, 223.5, -9.28, 5.04
525, 464.7, 237.7, -8.96, 5.6
569, 509.3, 251.9, -8.64, 6.16
614, 554.7, 266.1, -8.32, 6.72
656, 599.3, 280.1, -8.0, 7.28
700, 644.5, 294.2, -7.68, 7.84
742, 689.9, 308.2, -7.36, 8.4
786, 736.4, 322.2, -7.04, 8.96
828, 782.2, 336.2, -6.72, 9.52
874, 829.3, 350.2, -6.4, 10.08
917, 876.0, 364.2, -6.08, 10.64
961, 923.8, 378.2, -5.76, 11.2
1004, 971.4, 392.2, -5.44, 11.76
1048, 1020.2, 406.1, -5.12, 12.32
1092, 1069.2, 420.1, -4.8, 12.88
1137, 1118.9, 434.0, -4.48, 13.44
1179, 1168.6, 447.9, -4.16, 14.0
1224, 1219.9, 461.8, -3.84, 14.56
1269, 1271.5, 475.6, -3.52, 15.12
1313, 1322.2, 489.4, -3.2, 15.68
1354, 1373.8, 503.2, -2.88, 16.24
1399, 1426.9, 517.1, -2.56, 16.8
1443, 1480.3, 531.0, -2.24, 17.36
1487, 1534.6, 544.9, -1.92, 17.92
1532, 1589.1, 558.8, -1.6, 18.48
1574, 1645.0, 572.6, -1.28, 19.04
1619, 1700.9, 586.5, -0.96, 19.6
1663, 1756.3, 600.3, -0.64, 20.16
1705, 1813.1, 614.2, -0.32, 20.72
1750, 1870.8, 628.1, 4.55191440096e-15, 21.28
1796, 1929.6, 641.9, 0.32, 21.84
1839, 1984.2, 655.6, 0.64, 22.4
1883, 2016.8, 669.5, 0.96, 22.96
2, 49.4, 43.7, -12.8, 0
136, 81.5, 58.4, -12.48, 0.56
177, 122.0, 73.1, -12.16, 1.12
219, 162.4, 87.7, -11.84, 1.68
262, 203.7, 102.1, -11.52, 2.24
307, 244.6, 116.6, -11.2, 2.8
347, 286.6, 131.1, -10.88, 3.36
389, 328.3, 145.5, -10.56, 3.92
434, 370.6, 159.7, -10.24, 4.48
477, 414.4, 174.0, -9.92, 5.04
522, 457.8, 188.3, -9.6, 5.6
563, 502.1, 202.5, -9.28, 6.16
604, 547.3, 216.7, -8.96, 6.72
648, 592.7, 230.9, -8.64, 7.28
692, 637.8, 245.0, -8.32, 7.84
736, 683.0, 259.1, -8.0, 8.4
780, 728.7, 273.1, -7.68, 8.96
823, 774.7, 287.1, -7.36, 9.52
866, 821.3, 301.1, -7.04, 10.08
910, 867.9, 315.1, -6.72, 10.64
953, 915.0, 329.1, -6.4, 11.2
996, 963.4, 343.1, -6.08, 11.76
1041, 1011.6, 357.1, -5.76, 12.32
1085, 1060.0, 371.0, -5.44, 12.88
1128, 1110.1, 385.0, -5.12, 13.44
1171, 1159.8, 398.9, -4.8, 14.0
1215, 1210.7, 412.8, -4.48, 14.56
1260, 1261.4, 426.5, -4.16, 15.12
1305, 1312.2, 440.3, -3.84, 15.68
1347, 1364.2, 454.2, -3.52, 16.24
1392, 1416.1, 468.1, -3.2, 16.8
1436, 1469.9, 482.0, -2.88, 17.36
1478, 1524.1, 495.9, -2.56, 17.92
1522, 1578.4, 509.6, -2.24, 18.48
1566, 1634.1, 523.6, -1.92, 19.04
1610, 1688.6, 537.3, -1.6, 19.6
1655, 1744.3, 551.2, -1.28, 20.16
1698, 1801.4, 565.1, -0.96, 20.72
1742, 1859.7, 578.9, -0.64, 21.28
1786, 1918.1, 592.6, -0.32, 21.84
1827, 1976.3, 606.6, 4.55191440096e-15, 22.4
1872, 2010.4, 620.4, 0.32, 22.96
1, 31.7, 29.0, -13.44, 0
2, 49.4, 43.7, -13.12, 0.56
136, 81.5, 58.4, -12.8, 1.12
177, 122.0, 73.1, -12.48, 1.68
219, 162.4, 87.7, -12.16, 2.24
262, 203.7, 102.1, -11.84, 2.8
307, 244.6, 116.6, -11.52, 3.36
347, 286.6, 131.1, -11.2, 3.92
389, 328.3, 145.5, -10.88, 4.48
434, 370.6, 159.7, -10.56, 5.04
477, 414.4, 174.0, -10.24, 5.6
522, 457.8, 188.3, -9.92, 6.16
563, 502.1, 202.5, -9.6, 6.72
604, 547.3, 216.7, -9.28, 7.28
648, 592.7, 230.9, -8.96, 7.84
692, 637.8, 245.0, -8.64, 8.4
736, 683.0, 259.1, -8.32, 8.96
780, 728.7, 273.1, -8.0, 9.52
823, 774.7, 287.1, -7.68, 10.08
866, 821.3, 301.1, -7.36, 10.64
910, 867.9, 315.1, -7.04, 11.2
953, 915.0, 329.1, -6.72, 11.76
996, 963.4, 343.1, -6.4, 12.32
1041, 1011.6, 357.1, -6.08, 12.88
1085, 1060.0, 371.0, -5.76, 13.44
1128, 1110.1, 385.0, -5.44, 14.0
1171, 1159.8, 398.9, -5.12, 14.56
1215, 1210.7, 412.8, -4.8, 15.12
1260, 1261.4, 426.5, -4.48, 15.68
1305, 1312.2, 440.3, -4.16, 16.24
1347, 1364.2, 454.2, -3.84, 16.8
1392, 1416.1, 468.1, -3.52, 17.36
1436, 1469.9, 482.0, -3.2, 17.92
1478, 1524.1, 495.9, -2.88, 18.48
1522, 1578.4, 509.6, -2.56, 19.04
1566, 1634.1, 523.6, -2.24, 19.6
1610, 1688.6, 537.3, -1.92, 20.16
1655, 1744.3, 551.2, -1.6, 20.72
1698, 1801.4, 565.1, -1.28, 21.28
1742, 1859.7, 578.9, -0.96, 21.84
1786, 1918.1, 592.6, -0.64, 22.4
1827, 1976.3, 606.6, -0.32, 22.96
134, 76.3, 8.2, -13.44, 1.12
174, 117.2, 23.0, -13.12, 1.68
213, 156.8, 37.7, -12.8, 2.24
256, 198.4, 52.2, -12.48, 2.8
297, 239.3, 66.8, -12.16, 3.36
342, 280.4, 81.3, -11.84, 3.92
385, 322.6, 95.7, -11.52, 4.48
429, 365.8, 110.1, -11.2, 5.04
470, 407.7, 124.5, -10.88, 5.6
513, 451.7, 138.7, -10.56, 6.16
557, 496.3, 153.0, -10.24, 6.72
600, 540.5, 167.1, -9.92, 7.28
645, 585.5, 181.4, -9.6, 7.84
686, 630.0, 195.6, -9.28, 8.4
729, 675.3, 209.8, -8.96, 8.96
770, 721.6, 223.9, -8.64, 9.52
815, 767.5, 238.0, -8.32, 10.08
859, 814.2, 252.0, -8.0, 10.64
903, 860.6, 266.0, -7.68, 11.2
947, 907.9, 280.0, -7.36, 11.76
989, 955.4, 294.0, -7.04, 12.32
1033, 1004.0, 308.0, -6.72, 12.88
1078, 1052.6, 321.9, -6.4, 13.44
1121, 1102.0, 335.9, -6.08, 14.0
1165, 1151.7, 349.8, -5.76, 14.56
1208, 1201.8, 363.7, -5.44, 15.12
1252, 1251.9, 377.4, -5.12, 15.68
1296, 1303.1, 391.3, -4.8, 16.24
1339, 1354.7, 405.2, -4.48, 16.8
1383, 1406.6, 419.1, -4.16, 17.36
1428, 1460.0, 433.0, -3.84, 17.92
1470, 1513.6, 446.8, -3.52, 18.48
1515, 1568.6, 460.6, -3.2, 19.04
1559, 1622.5, 474.4, -2.88, 19.6
1601, 1677.3, 488.2, -2.56, 20.16
1645, 1733.1, 502.1, -2.24, 20.72
1690, 1790.1, 516.0, -1.92, 21.28
1733, 1848.7, 529.6, -1.6, 21.84
1778, 1907.3, 543.6, -1.28, 22.4
1821, 1966.1, 557.5, -0.96, 22.96
1864, 2004.2, 571.2, -0.64, 23.52
1906, 2034.0, 585.0, -0.32, 24.08
295, 234.7, 17.0, -12.48, 3.92
337, 275.3, 31.4, -12.16, 4.48
378, 318.0, 46.0, -11.84, 5.04
420, 359.2, 60.4, -11.52, 5.6
464, 402.0, 74.8, -11.2, 6.16
508, 446.7, 89.1, -10.88, 6.72
552, 489.6, 103.4, -10.56, 7.28
595, 534.4, 117.7, -10.24, 7.84
638, 579.4, 132.0, -9.92, 8.4
679, 624.0, 146.1, -9.6, 8.96
724, 668.7, 160.2, -9.28, 9.52
767, 714.3, 174.4, -8.96, 10.08
810, 760.1, 188.6, -8.64, 10.64
854, 806.9, 202.7, -8.32, 11.2
894, 854.0, 216.8, -8.0, 11.76
938, 900.8, 230.9, -7.68, 12.32
982, 948.0, 244.9, -7.36, 12.88
1027, 996.5, 258.8, -7.04, 13.44
1071, 1045.1, 272.8, -6.72, 14.0
1114, 1094.1, 286.8, -6.4, 14.56
1157, 1142.9, 300.4, -6.08, 15.12
1201, 1192.7, 314.3, -5.76, 15.68
1244, 1242.8, 328.3, -5.44, 16.24
1287, 1293.9, 342.2, -5.12, 16.8
1332, 1345.3, 356.1, -4.8, 17.36
1376, 1398.1, 370.0, -4.48, 17.92
1419, 1450.9, 383.9, -4.16, 18.48
1462, 1504.7, 397.7, -3.84, 19.04
1506, 1558.1, 411.4, -3.52, 19.6
1551, 1611.9, 425.3, -3.2, 20.16
1595, 1667.0, 439.1, -2.88, 20.72
1639, 1723.2, 453.0, -2.56, 21.28
1683, 1780.1, 466.8, -2.24, 21.84
1725, 1837.9, 480.6, -1.92, 22.4
1769, 1896.6, 494.5, -1.6, 22.96
1813, 1953.6, 508.2, -1.28, 23.52
1856, 1998.7, 522.0, -0.96, 24.08
1899, 2028.7, 535.5, -0.64, 24.64
415, 354.2, 10.5, -12.16, 5.6
459, 397.5, 25.0, -11.84, 6.16
502, 439.8, 39.4, -11.52, 6.72
545, 485.0, 53.9, -11.2, 7.28
587, 528.6, 68.1, -10.88, 7.84
631, 572.8, 82.4, -10.56, 8.4
675, 617.3, 96.6, -10.24, 8.96
718, 662.9, 111.0, -9.92, 9.52
760, 708.2, 125.0, -9.6, 10.08
802, 753.8, 139.1, -9.28, 10.64
847, 799.4, 153.2, -8.96, 11.2
892, 846.2, 167.2, -8.64, 11.76
933, 893.2, 181.3, -8.32, 12.32
978, 940.8, 195.3, -8.0, 12.88
1020, 988.7, 209.3, -7.68, 13.44
1061, 1036.8, 223.3, -7.36, 14.0
1106, 1085.4, 237.3, -7.04, 14.56
1150, 1134.3, 251.2, -6.72, 15.12
1195, 1184.1, 265.2, -6.4, 15.68
1238, 1234.5, 279.1, -6.08, 16.24
1282, 1285.4, 293.1, -5.76, 16.8
1324, 1336.7, 307.0, -5.44, 17.36
1369, 1388.9, 320.9, -5.12, 17.92
1410, 1442.2, 334.8, -4.8, 18.48
1455, 1495.7, 348.5, -4.48, 19.04
1499, 1547.9, 362.3, -4.16, 19.6
1543, 1601.8, 376.1, -3.84, 20.16
1585, 1657.1, 390.0, -3.52, 20.72
1629, 1713.3, 403.9, -3.2, 21.28
1674, 1770.3, 417.6, -2.88, 21.84
1718, 1827.7, 431.5, -2.56, 22.4
1762, 1884.0, 445.2, -2.24, 22.96
1807, 1942.7, 459.0, -1.92, 23.52
1848, 1991.3, 472.6, -1.6, 24.08
1890, 2022.9, 486.4, -1.28, 24.64
539, 479.0, 4.0, -11.52, 7.84
582, 522.5, 18.4, -11.2, 8.4
626, 568.1, 32.9, -10.88, 8.96
667, 611.6, 47.1, -10.56, 9.52
710, 656.6, 61.2, -10.24, 10.08
754, 701.6, 75.5, -9.92, 10.64
798, 748.3, 89.9, -9.6, 11.2
842, 793.8, 103.9, -9.28, 11.76
886, 840.1, 118.0, -8.96, 12.32
927, 886.5, 132.1, -8.64, 12.88
970, 933.8, 146.1, -8.32, 13.44
1015, 981.3, 160.1, -8.0, 14.0
1057, 1029.3, 174.1, -7.68, 14.56
1101, 1078.0, 188.1, -7.36, 15.12
1145, 1127.3, 202.1, -7.04, 15.68
1185, 1176.7, 216.1, -6.72, 16.24
1229, 1227.0, 230.0, -6.4, 16.8
1274, 1277.5, 243.9, -6.08, 17.36
1318, 1329.2, 257.9, -5.76, 17.92
1362, 1381.5, 271.7, -5.44, 18.48
1405, 1433.2, 285.4, -5.12, 19.04
1447, 1485.2, 299.2, -4.8, 19.6
1492, 1538.9, 313.1, -4.48, 20.16
1535, 1593.1, 327.0, -4.16, 20.72
1578, 1648.1, 340.9, -3.84, 21.28
1621, 1704.6, 354.6, -3.52, 21.84
1667, 1760.9, 368.5, -3.2, 22.4
1710, 1815.7, 382.2, -2.88, 22.96
1752, 1873.4, 396.0, -2.56, 23.52
1797, 1932.8, 409.6, -2.24, 24.08
1841, 1986.1, 423.5, -1.92, 24.64
1885, 2017.7, 437.4, -1.6, 25.2
706, 650.9, 11.7, -10.56, 10.64
748, 696.4, 26.0, -10.24, 11.2
792, 741.9, 40.1, -9.92, 11.76
833, 787.3, 54.2, -9.6, 12.32
877, 833.3, 68.5, -9.28, 12.88
922, 881.1, 82.8, -8.96, 13.44
966, 927.7, 96.8, -8.64, 14.0
1009, 974.7, 110.9, -8.32, 14.56
1051, 1023.0, 124.9, -8.0, 15.12
1093, 1071.1, 138.9, -7.68, 15.68
1138, 1120.5, 152.9, -7.36, 16.24
1183, 1166.9, 166.5, -7.04, 16.8
1226, 1219.9, 180.8, -6.72, 17.36
1268, 1270.0, 194.7, -6.4, 17.92
1311, 1320.7, 208.4, -6.08, 18.48
1353, 1372.0, 222.3, -5.76, 19.04
1397, 1424.3, 236.2, -5.44, 19.6
1441, 1477.0, 250.1, -5.12, 20.16
1486, 1530.4, 264.0, -4.8, 20.72
1529, 1585.0, 277.8, -4.48, 21.28
1572, 1639.8, 291.5, -4.16, 21.84
1615, 1694.4, 305.3, -3.84, 22.4
1659, 1749.5, 319.1, -3.52, 22.96
1702, 1806.8, 332.9, -3.2, 23.52
1746, 1864.5, 346.6, -2.88, 24.08
1789, 1923.0, 360.5, -2.56, 24.64
1831, 1978.5, 374.2, -2.24, 25.2
1874, 2013.4, 387.9, -1.92, 25.76
830, 782.4, 4.9, -9.92, 12.88
873, 828.2, 19.0, -9.6, 13.44
916, 874.4, 33.1, -9.28, 14.0
959, 921.0, 47.1, -8.96, 14.56
1001, 968.2, 61.2, -8.64, 15.12
1045, 1015.8, 75.2, -8.32, 15.68
1089, 1064.7, 89.3, -8.0, 16.24
1133, 1113.4, 103.3, -7.68, 16.8
1176, 1162.6, 117.3, -7.36, 17.36
1217, 1211.9, 131.2, -7.04, 17.92
1261, 1261.9, 145.2, -6.72, 18.48
1306, 1313.2, 159.1, -6.4, 19.04
1349, 1364.6, 173.1, -6.08, 19.6
1394, 1416.8, 187.0, -5.76, 20.16
1437, 1469.5, 200.9, -5.44, 20.72
1477, 1523.3, 214.6, -5.12, 21.28
1520, 1576.8, 228.5, -4.8, 21.84
1564, 1629.7, 242.2, -4.48, 22.4
1609, 1684.5, 256.1, -4.16, 22.96
1653, 1741.0, 269.9, -3.84, 23.52
1696, 1798.2, 283.6, -3.52, 24.08
1738, 1855.5, 297.5, -3.2, 24.64
1782, 1911.5, 311.1, -2.88, 25.2
1826, 1970.9, 324.9, -2.56, 25.76
1869, 2007.1, 338.5, -2.24, 26.32
1912, 2036.5, 352.0, -1.92, 26.88
998, 963.4, 11.9, -8.96, 15.68
1040, 1010.4, 25.9, -8.64, 16.24
1083, 1058.5, 40.0, -8.32, 16.8
1124, 1106.8, 54.0, -8.0, 17.36
1168, 1156.3, 68.0, -7.68, 17.92
1213, 1205.9, 82.0, -7.36, 18.48
1257, 1255.7, 95.9, -7.04, 19.04
1301, 1306.6, 109.9, -6.72, 19.6
1342, 1358.1, 123.8, -6.4, 20.16
1384, 1410.3, 137.6, -6.08, 20.72
1429, 1462.0, 151.4, -5.76, 21.28
1474, 1513.9, 165.2, -5.44, 21.84
1517, 1567.2, 179.1, -5.12, 22.4
1561, 1621.8, 193.0, -4.8, 22.96
1603, 1676.9, 206.8, -4.48, 23.52
1644, 1733.5, 220.5, -4.16, 24.08
1687, 1787.9, 234.3, -3.84, 24.64
1732, 1845.0, 248.1, -3.52, 25.2
1777, 1903.5, 261.8, -3.2, 25.76
1819, 1962.1, 275.5, -2.88, 26.32
1862, 2002.3, 289.2, -2.56, 26.88
1903, 2032.3, 302.6, -2.24, 27.44
1120, 1100.9, 4.3, -8.32, 17.92
1164, 1149.9, 18.3, -8.0, 18.48
1206, 1199.3, 32.3, -7.68, 19.04
1250, 1249.3, 46.3, -7.36, 19.6
1293, 1299.5, 60.3, -7.04, 20.16
1336, 1350.1, 74.2, -6.72, 20.72
1380, 1402.1, 88.1, -6.4, 21.28
1424, 1454.1, 102.0, -6.08, 21.84
1469, 1507.1, 116.0, -5.76, 22.4
1509, 1560.8, 129.8, -5.44, 22.96
1552, 1615.2, 143.5, -5.12, 23.52
1597, 1669.0, 157.3, -4.8, 24.08
1641, 1723.7, 171.1, -4.48, 24.64
1685, 1779.7, 184.9, -4.16, 25.2
1729, 1837.7, 198.6, -3.84, 25.76
1768, 1895.3, 212.5, -3.52, 26.32
1812, 1952.1, 226.1, -3.2, 26.88
1854, 1997.1, 239.5, -2.88, 27.44
1898, 2027.8, 253.4, -2.56, 28.0
1289, 1293.9, 10.9, -7.36, 20.72
1331, 1345.0, 24.8, -7.04, 21.28
1374, 1396.1, 38.7, -6.72, 21.84
1418, 1448.7, 52.5, -6.4, 22.4
1459, 1501.1, 66.5, -6.08, 22.96
1504, 1552.9, 80.2, -5.76, 23.52
1547, 1606.8, 94.1, -5.44, 24.08
1592, 1661.6, 107.9, -5.12, 24.64
1634, 1717.3, 121.6, -4.8, 25.2
1675, 1773.3, 135.5, -4.48, 25.76
1720, 1828.5, 149.2, -4.16, 26.32
1764, 1886.1, 162.9, -3.84, 26.88
1809, 1944.6, 176.6, -3.52, 27.44
1850, 1993.6, 190.4, -3.2, 28.0
1892, 2024.3, 203.8, -2.88, 28.56
1412, 1442.7, 3.3, -6.72, 22.96
1456, 1493.4, 16.9, -6.4, 23.52
1498, 1547.0, 30.8, -6.08, 24.08
1541, 1600.8, 44.5, -5.76, 24.64
1584, 1655.3, 58.5, -5.44, 25.2
1627, 1708.6, 72.1, -5.12, 25.76
1671, 1764.8, 85.9, -4.8, 26.32
1715, 1821.8, 99.6, -4.48, 26.88
1759, 1878.5, 113.5, -4.16, 27.44
1799, 1935.6, 127.0, -3.84, 28.0
1842, 1987.7, 140.6, -3.52, 28.56
1886, 2019.4, 154.4, -3.2, 29.12
1580, 1647.7, 8.8, -5.76, 25.76
1623, 1703.0, 22.5, -5.44, 26.32
1665, 1757.7, 36.3, -5.12, 26.88
1709, 1813.5, 50.0, -4.8, 27.44
1751, 1870.8, 63.6, -4.48, 28.0
1795, 1928.8, 77.5, -4.16, 28.56
1838, 1982.8, 91.1, -3.84, 29.12
1881, 2015.3, 104.5, -3.52, 29.68
1704, 1807.4, 1.9, -4.8, 28.56
1748, 1862.7, 14.0, -4.48, 29.12
1792, 1921.4, 27.6, -4.16, 29.68
1832, 1979.2, 41.4, -3.84, 30.24
1873, 2013.3, 54.9, -3.52, 30.8
1915, 2039.0, 18.0, -3.52, 31.92
305, 249.7, 1046.2, 0.32, 0.56
350, 293.6, 1060.1, 0.64, 1.12
392, 337.2, 1074.0, 0.96, 1.68
436, 380.7, 1087.5, 1.28, 2.24
484, 426.6, 1101.2, 1.6, 2.8
529, 471.4, 1115.1, 1.92, 3.36
574, 516.5, 1129.0, 2.24, 3.92
619, 562.0, 1142.6, 2.56, 4.48
664, 609.3, 1156.3, 2.88, 5.04
708, 656.3, 1170.2, 3.2, 5.6
753, 703.7, 1184.1, 3.52, 6.16
799, 751.4, 1198.0, 3.84, 6.72
844, 798.5, 1211.7, 4.16, 7.28
890, 847.2, 1225.4, 4.48, 7.84
936, 896.6, 1239.3, 4.8, 8.4
981, 946.2, 1253.2, 5.12, 8.96
1026, 996.2, 1267.2, 5.44, 9.52
1072, 1046.7, 1281.1, 5.76, 10.08
1115, 1097.6, 1295.1, 6.08, 10.64
1161, 1149.1, 1309.1, 6.4, 11.2
1207, 1201.9, 1323.1, 6.72, 11.76
1253, 1253.6, 1337.1, 7.04, 12.32
1300, 1307.8, 1351.1, 7.36, 12.88
1345, 1361.2, 1365.2, 7.68, 13.44
1390, 1416.0, 1379.2, 8.0, 14.0
1434, 1470.7, 1393.3, 8.32, 14.56
1481, 1526.1, 1407.4, 8.64, 15.12
1526, 1583.1, 1421.7, 8.96, 15.68
1571, 1640.4, 1436.1, 9.28, 16.24
1617, 1698.4, 1450.3, 9.6, 16.8
1661, 1757.4, 1464.6, 9.92, 17.36
1707, 1816.6, 1479.1, 10.24, 17.92
1753, 1877.0, 1493.4, 10.56, 18.48
1798, 1937.9, 1507.9, 10.88, 19.04
1845, 1990.3, 1522.5, 11.2, 19.6
1891, 2023.8, 1536.8, 11.52, 20.16
269, 216.8, 1081.7, 0.64, 0
314, 261.2, 1095.3, 0.96, 0.56
362, 305.1, 1109.2, 1.28, 1.12
405, 349.0, 1123.0, 1.6, 1.68
451, 392.8, 1136.6, 1.92, 2.24
495, 438.2, 1150.3, 2.24, 2.8
541, 484.1, 1164.2, 2.56, 3.36
586, 529.6, 1178.0, 2.88, 3.92
632, 574.9, 1191.7, 3.2, 4.48
676, 622.1, 1205.3, 3.52, 5.04
723, 669.8, 1219.2, 3.84, 5.6
768, 717.6, 1233.1, 4.16, 6.16
813, 765.3, 1247.0, 4.48, 6.72
858, 813.3, 1260.9, 4.8, 7.28
904, 861.1, 1274.6, 5.12, 7.84
949, 910.9, 1288.4, 5.44, 8.4
992, 960.5, 1302.3, 5.76, 8.96
1038, 1011.1, 1316.3, 6.08, 9.52
1084, 1061.8, 1330.2, 6.4, 10.08
1130, 1113.2, 1344.2, 6.72, 10.64
1174, 1165.0, 1358.2, 7.04, 11.2
1222, 1217.6, 1372.2, 7.36, 11.76
1267, 1270.2, 1386.2, 7.68, 12.32
1314, 1323.8, 1400.3, 8.0, 12.88
1358, 1378.0, 1414.3, 8.32, 13.44
1403, 1432.7, 1428.5, 8.64, 14.0
1448, 1488.2, 1442.6, 8.96, 14.56
1493, 1544.1, 1457.0, 9.28, 15.12
1539, 1601.3, 1471.2, 9.6, 15.68
1586, 1658.9, 1485.4, 9.92, 16.24
1630, 1716.8, 1499.9, 10.24, 16.8
1676, 1776.0, 1514.2, 10.56, 17.36
1723, 1836.8, 1528.6, 10.88, 17.92
1771, 1897.0, 1543.2, 11.2, 18.48
1816, 1958.7, 1557.6, 11.52, 19.04
1860, 2001.5, 1572.1, 11.84, 19.6
1905, 2033.6, 1586.6, 12.16, 20.16
283, 229.3, 1131.0, 1.28, 0
328, 272.6, 1144.6, 1.6, 0.56
373, 317.5, 1158.2, 1.92, 1.12
418, 362.1, 1172.1, 2.24, 1.68
463, 405.4, 1185.8, 2.56, 2.24
509, 450.9, 1199.5, 2.88, 2.8
555, 497.0, 1213.2, 3.2, 3.36
602, 543.1, 1227.1, 3.52, 3.92
646, 589.3, 1240.9, 3.84, 4.48
690, 635.4, 1254.5, 4.16, 5.04
735, 683.0, 1268.3, 4.48, 5.6
781, 731.1, 1282.2, 4.8, 6.16
824, 779.5, 1296.1, 5.12, 6.72
870, 827.6, 1310.0, 5.44, 7.28
915, 876.5, 1323.9, 5.76, 7.84
962, 925.3, 1337.6, 6.08, 8.4
1007, 975.6, 1351.4, 6.4, 8.96
1054, 1026.0, 1365.4, 6.72, 9.52
1099, 1077.2, 1379.3, 7.04, 10.08
1144, 1128.5, 1393.3, 7.36, 10.64
1191, 1180.7, 1407.3, 7.68, 11.2
1236, 1233.1, 1421.4, 8.0, 11.76
1280, 1286.2, 1435.4, 8.32, 12.32
1326, 1341.0, 1449.6, 8.64, 12.88
1370, 1394.7, 1463.9, 8.96, 13.44
1416, 1449.8, 1478.0, 9.28, 14.0
1463, 1506.2, 1492.2, 9.6, 14.56
1507, 1562.0, 1506.4, 9.92, 15.12
1554, 1620.0, 1520.7, 10.24, 15.68
1600, 1678.2, 1535.1, 10.56, 16.24
1648, 1736.3, 1549.4, 10.88, 16.8
1693, 1795.5, 1564.0, 11.2, 17.36
1739, 1856.3, 1578.4, 11.52, 17.92
1785, 1917.5, 1593.0, 11.84, 18.48
1829, 1978.1, 1607.6, 12.16, 19.04
1876, 2013.8, 1622.0, 12.48, 19.6
296, 242.0, 1180.1, 1.92, 0
341, 284.6, 1193.8, 2.24, 0.56
386, 329.6, 1207.4, 2.56, 1.12
433, 374.5, 1221.2, 2.88, 1.68
478, 419.4, 1235.0, 3.2, 2.24
523, 463.6, 1248.6, 3.52, 2.8
568, 510.0, 1262.3, 3.84, 3.36
613, 556.3, 1276.2, 4.16, 3.92
657, 602.9, 1290.0, 4.48, 4.48
701, 649.0, 1303.7, 4.8, 5.04
747, 696.9, 1317.5, 5.12, 5.6
793, 745.5, 1331.3, 5.44, 6.16
839, 793.7, 1345.2, 5.76, 6.72
884, 842.8, 1359.1, 6.08, 7.28
931, 891.8, 1373.0, 6.4, 7.84
976, 941.0, 1387.0, 6.72, 8.4
1023, 991.5, 1400.9, 7.04, 8.96
1069, 1042.4, 1414.8, 7.36, 9.52
1112, 1093.7, 1428.8, 7.68, 10.08
1158, 1145.8, 1442.8, 8.0, 10.64
1203, 1197.3, 1456.8, 8.32, 11.2
1249, 1250.6, 1470.9, 8.64, 11.76
1294, 1304.0, 1485.0, 8.96, 12.32
1340, 1358.4, 1499.1, 9.28, 12.88
1386, 1413.2, 1513.2, 9.6, 13.44
1431, 1467.8, 1527.3, 9.92, 14.0
1479, 1524.5, 1541.6, 10.24, 14.56
1525, 1581.3, 1556.1, 10.56, 15.12
1570, 1638.8, 1570.3, 10.88, 15.68
1616, 1697.2, 1584.7, 11.2, 16.24
1662, 1756.5, 1599.2, 11.52, 16.8
1708, 1816.3, 1613.6, 11.84, 17.36
1754, 1877.0, 1628.3, 12.16, 17.92
1802, 1938.2, 1642.8, 12.48, 18.48
1846, 1990.6, 1657.5, 12.8, 19.04
1895, 2025.0, 1672.0, 13.12, 19.6
310, 253.8, 1229.2, 2.56, 0
356, 298.5, 1243.1, 2.88, 0.56
400, 341.2, 1256.6, 3.2, 1.12
445, 387.0, 1270.3, 3.52, 1.68
491, 433.3, 1284.2, 3.84, 2.24
534, 478.2, 1298.0, 4.16, 2.8
580, 523.2, 1311.5, 4.48, 3.36
625, 570.1, 1325.3, 4.8, 3.92
671, 617.4, 1339.2, 5.12, 4.48
716, 664.2, 1353.0, 5.44, 5.04
763, 710.9, 1366.7, 5.76, 5.6
808, 759.2, 1380.5, 6.08, 6.16
853, 808.1, 1394.3, 6.4, 6.72
900, 857.6, 1408.2, 6.72, 7.28
946, 906.8, 1422.2, 7.04, 7.84
990, 957.2, 1436.1, 7.36, 8.4
1035, 1007.8, 1450.1, 7.68, 8.96
1080, 1058.5, 1464.1, 8.0, 9.52
1126, 1109.8, 1478.1, 8.32, 10.08
1172, 1162.1, 1492.1, 8.64, 10.64
1218, 1214.7, 1506.2, 8.96, 11.2
1263, 1267.5, 1520.2, 9.28, 11.76
1309, 1321.3, 1534.3, 9.6, 12.32
1356, 1375.6, 1548.4, 9.92, 12.88
1402, 1430.9, 1562.8, 10.24, 13.44
1449, 1486.9, 1577.1, 10.56, 14.0
1494, 1543.6, 1591.3, 10.88, 14.56
1540, 1600.7, 1605.6, 11.2, 15.12
1587, 1658.8, 1620.1, 11.52, 15.68
1632, 1716.9, 1634.4, 11.84, 16.24
1679, 1776.7, 1649.1, 12.16, 16.8
1724, 1837.7, 1663.6, 12.48, 17.36
1773, 1898.6, 1678.2, 12.8, 17.92
1818, 1960.4, 1692.9, 13.12, 18.48
1863, 2003.0, 1707.5, 13.44, 19.04
1909, 2034.6, 1722.0, 13.76, 19.6
322, 266.7, 1278.3, 3.2, 0
367, 311.0, 1292.2, 3.52, 0.56
412, 355.8, 1306.0, 3.84, 1.12
457, 399.9, 1319.6, 4.16, 1.68
503, 446.1, 1333.2, 4.48, 2.24
548, 492.0, 1347.1, 4.8, 2.8
593, 536.8, 1360.8, 5.12, 3.36
641, 583.1, 1374.5, 5.44, 3.92
685, 631.2, 1388.3, 5.76, 4.48
732, 678.7, 1402.1, 6.08, 5.04
778, 726.7, 1416.0, 6.4, 5.6
822, 774.4, 1429.8, 6.72, 6.16
867, 822.7, 1443.6, 7.04, 6.72
912, 872.4, 1457.3, 7.36, 7.28
956, 922.4, 1471.3, 7.68, 7.84
1005, 972.5, 1485.3, 8.0, 8.4
1049, 1023.5, 1499.3, 8.32, 8.96
1095, 1074.5, 1513.3, 8.64, 9.52
1140, 1126.1, 1527.3, 8.96, 10.08
1187, 1178.3, 1541.4, 9.28, 10.64
1233, 1231.3, 1555.4, 9.6, 11.2
1279, 1285.5, 1569.6, 9.92, 11.76
1325, 1339.7, 1584.0, 10.24, 12.32
1371, 1394.4, 1598.1, 10.56, 12.88
1417, 1449.8, 1612.3, 10.88, 13.44
1464, 1506.3, 1626.6, 11.2, 14.0
1510, 1563.0, 1641.1, 11.52, 14.56
1556, 1620.2, 1655.3, 11.84, 15.12
1602, 1678.4, 1669.9, 12.16, 15.68
1650, 1737.8, 1684.3, 12.48, 16.24
1695, 1797.7, 1699.0, 12.8, 16.8
1741, 1859.2, 1713.6, 13.12, 17.36
1787, 1920.2, 1728.3, 13.44, 17.92
1836, 1980.5, 1743.1, 13.76, 18.48
1880, 2016.2, 1757.7, 14.08, 19.04
335, 279.0, 1327.8, 3.84, 0
381, 324.1, 1341.3, 4.16, 0.56
425, 369.4, 1355.2, 4.48, 1.12
473, 414.2, 1369.0, 4.8, 1.68
518, 459.1, 1382.5, 5.12, 2.24
565, 505.9, 1396.2, 5.44, 2.8
611, 552.3, 1410.1, 5.76, 3.36
654, 598.0, 1423.8, 6.08, 3.92
698, 645.0, 1437.5, 6.4, 4.48
744, 693.3, 1451.3, 6.72, 5.04
789, 741.9, 1465.2, 7.04, 5.6
836, 791.1, 1479.1, 7.36, 6.16
881, 840.0, 1493.1, 7.68, 6.72
926, 889.0, 1507.0, 8.0, 7.28
973, 939.1, 1520.9, 8.32, 7.84
1018, 989.1, 1534.9, 8.64, 8.4
1065, 1040.4, 1548.9, 8.96, 8.96
1111, 1091.8, 1562.9, 9.28, 9.52
1156, 1143.9, 1576.9, 9.6, 10.08
1202, 1196.7, 1591.0, 9.92, 10.64
1247, 1250.3, 1605.1, 10.24, 11.2
1295, 1303.6, 1619.2, 10.56, 11.76
1341, 1357.7, 1633.3, 10.88, 12.32
1387, 1413.3, 1647.7, 11.2, 12.88
1435, 1469.5, 1662.1, 11.52, 13.44
1482, 1525.3, 1676.3, 11.84, 14.0
1527, 1582.4, 1690.8, 12.16, 14.56
1573, 1640.2, 1705.2, 12.48, 15.12
1618, 1699.3, 1719.7, 12.8, 15.68
1664, 1758.9, 1734.3, 13.12, 16.24
1714, 1819.4, 1749.0, 13.44, 16.8
1760, 1880.8, 1763.6, 13.76, 17.36
1806, 1943.1, 1778.6, 14.08, 17.92
1851, 1993.8, 1793.2, 14.4, 18.48
1897, 2027.5, 1808.3, 14.72, 19.04
351, 293.6, 1377.1, 4.48, 0
395, 337.1, 1390.7, 4.8, 0.56
442, 382.5, 1404.3, 5.12, 1.12
487, 428.8, 1418.2, 5.44, 1.68
531, 474.1, 1432.0, 5.76, 2.24
577, 518.9, 1445.5, 6.08, 2.8
621, 566.1, 1459.3, 6.4, 3.36
665, 613.5, 1473.2, 6.72, 3.92
714, 661.6, 1487.0, 7.04, 4.48
758, 707.9, 1500.7, 7.36, 5.04
804, 756.3, 1514.3, 7.68, 5.6
850, 806.2, 1528.3, 8.0, 6.16
896, 855.5, 1542.3, 8.32, 6.72
944, 905.6, 1556.2, 8.64, 7.28
988, 955.3, 1570.2, 8.96, 7.84
1034, 1006.3, 1584.2, 9.28, 8.4
1079, 1057.6, 1598.2, 9.6, 8.96
1127, 1108.8, 1612.3, 9.92, 9.52
1173, 1161.6, 1626.3, 10.24, 10.08
1219, 1213.8, 1640.4, 10.56, 10.64
1264, 1268.2, 1654.6, 10.88, 11.2
1312, 1322.5, 1669.0, 11.2, 11.76
1359, 1377.1, 1683.2, 11.52, 12.32
1404, 1432.1, 1697.3, 11.84, 12.88
1450, 1488.1, 1711.8, 12.16, 13.44
1496, 1545.5, 1726.2, 12.48, 14.0
1542, 1603.3, 1740.6, 12.8, 14.56
1591, 1661.4, 1755.2, 13.12, 15.12
1637, 1720.6, 1769.8, 13.44, 15.68
1684, 1780.5, 1784.4, 13.76, 16.24
1730, 1841.6, 1799.2, 14.08, 16.8
1776, 1903.5, 1814.0, 14.4, 17.36
1822, 1966.2, 1828.9, 14.72, 17.92
1868, 2008.4, 1843.7, 15.04, 18.48
1917, 2039.5, 1859.0, 15.36, 19.04
364, 306.8, 1426.3, 5.12, 0
408, 352.4, 1440.1, 5.44, 0.56
454, 396.4, 1453.8, 5.76, 1.12
498, 442.1, 1467.3, 6.08, 1.68
546, 488.6, 1481.2, 6.4, 2.24
591, 534.8, 1495.1, 6.72, 2.8
636, 580.5, 1508.7, 7.04, 3.36
680, 628.2, 1522.3, 7.36, 3.92
726, 676.2, 1536.2, 7.68, 4.48
774, 724.9, 1550.2, 8.0, 5.04
820, 774.2, 1564.1, 8.32, 5.6
865, 823.3, 1578.0, 8.64, 6.16
911, 872.9, 1591.9, 8.96, 6.72
957, 922.1, 1605.8, 9.28, 7.28
1003, 972.7, 1619.8, 9.6, 7.84
1050, 1023.6, 1633.8, 9.92, 8.4
1096, 1075.1, 1647.9, 10.24, 8.96
1143, 1127.1, 1662.0, 10.56, 9.52
1189, 1179.9, 1676.1, 10.88, 10.08
1237, 1233.3, 1690.2, 11.2, 10.64
1281, 1286.7, 1704.3, 11.52, 11.2
1327, 1341.0, 1718.5, 11.84, 11.76
1373, 1397.0, 1733.0, 12.16, 12.32
1420, 1452.4, 1747.2, 12.48, 12.88
1468, 1509.1, 1761.6, 12.8, 13.44
1514, 1566.5, 1776.2, 13.12, 14.0
1562, 1624.3, 1790.6, 13.44, 14.56
1607, 1683.0, 1805.2, 13.76, 15.12
1654, 1742.5, 1820.0, 14.08, 15.68
1699, 1803.2, 1834.6, 14.4, 16.24
1747, 1864.5, 1849.4, 14.72, 16.8
1793, 1926.6, 1864.3, 15.04, 17.36
1840, 1984.7, 1879.3, 15.36, 17.92
1887, 2021.0, 1894.4, 15.68, 18.48
377, 321.3, 1475.9, 5.76, 0
422, 365.9, 1489.3, 6.08, 0.56
468, 412.3, 1503.2, 6.4, 1.12
514, 457.6, 1517.0, 6.72, 1.68
558, 502.1, 1530.6, 7.04, 2.24
606, 549.9, 1544.3, 7.36, 2.8
653, 597.7, 1558.2, 7.68, 3.36
697, 644.8, 1572.0, 8.0, 3.92
743, 691.6, 1585.8, 8.32, 4.48
788, 740.3, 1599.4, 8.64, 5.04
835, 790.0, 1613.3, 8.96, 5.6
882, 839.6, 1627.3, 9.28, 6.16
928, 889.2, 1641.3, 9.6, 6.72
974, 939.0, 1655.3, 9.92, 7.28
1021, 989.5, 1669.2, 10.24, 7.84
1067, 1040.8, 1683.3, 10.56, 8.4
1113, 1092.8, 1697.3, 10.88, 8.96
1159, 1144.6, 1711.4, 11.2, 9.52
1204, 1199.1, 1725.6, 11.52, 10.08
1251, 1252.1, 1740.0, 11.84, 10.64
1297, 1306.7, 1754.2, 12.16, 11.2
1346, 1360.3, 1768.4, 12.48, 11.76
1391, 1416.6, 1782.9, 12.8, 12.32
1439, 1472.9, 1797.2, 13.12, 12.88
1484, 1529.7, 1811.6, 13.44, 13.44
1531, 1587.6, 1826.2, 13.76, 14.0
1576, 1645.8, 1840.8, 14.08, 14.56
1625, 1704.6, 1855.4, 14.4, 15.12
1670, 1764.9, 1870.2, 14.72, 15.68
1719, 1826.0, 1885.1, 15.04, 16.24
1765, 1888.0, 1900.1, 15.36, 16.8
1810, 1951.3, 1915.1, 15.68, 17.36
1859, 2001.0, 1930.0, 16.0, 17.92
1911, 2035.0, 1945.5, 16.32, 18.48
390, 336.5, 1525.3, 6.4, 0
437, 381.8, 1539.1, 6.72, 0.56
485, 425.9, 1552.6, 7.04, 1.12
530, 472.4, 1566.3, 7.36, 1.68
575, 518.8, 1580.2, 7.68, 2.24
622, 566.2, 1594.0, 8.0, 2.8
666, 611.8, 1607.5, 8.32, 3.36
712, 660.2, 1621.3, 8.64, 3.92
759, 708.5, 1635.2, 8.96, 4.48
805, 758.3, 1649.2, 9.28, 5.04
852, 808.0, 1663.1, 9.6, 5.6
898, 857.2, 1677.1, 9.92, 6.16
945, 906.9, 1691.0, 10.24, 6.72
991, 956.9, 1705.0, 10.56, 7.28
1036, 1008.1, 1719.1, 10.88, 7.84
1082, 1059.6, 1733.1, 11.2, 8.4
1129, 1111.8, 1747.2, 11.52, 8.96
1175, 1163.9, 1761.3, 11.84, 9.52
1223, 1216.6, 1775.4, 12.16, 10.08
1270, 1271.5, 1789.8, 12.48, 10.64
1316, 1326.2, 1804.1, 12.8, 11.2
1361, 1380.5, 1818.3, 13.12, 11.76
1407, 1437.1, 1832.8, 13.44, 12.32
1454, 1493.3, 1847.2, 13.76, 12.88
1502, 1550.8, 1861.8, 14.08, 13.44
1549, 1608.9, 1876.3, 14.4, 14.0
1596, 1668.4, 1891.1, 14.72, 14.56
1642, 1727.4, 1905.9, 15.04, 15.12
1689, 1788.4, 1920.6, 15.36, 15.68
1735, 1850.0, 1935.6, 15.68, 16.24
1783, 1912.4, 1950.6, 16.0, 16.8
1830, 1974.5, 1965.7, 16.32, 17.36
1882, 2015.3, 1981.0, 16.64, 17.92
407, 350.3, 1574.9, 7.04, 0
453, 396.0, 1588.3, 7.36, 0.56
499, 442.6, 1602.2, 7.68, 1.12
544, 488.5, 1616.0, 8.0, 1.68
592, 533.7, 1629.4, 8.32, 2.24
637, 581.1, 1643.3, 8.64, 2.8
683, 629.4, 1657.2, 8.96, 3.36
727, 677.9, 1671.1, 9.28, 3.92
775, 726.0, 1685.0, 9.6, 4.48
821, 773.6, 1698.7, 9.92, 5.04
868, 822.7, 1712.7, 10.24, 5.6
913, 873.1, 1726.4, 10.56, 6.16
960, 922.9, 1740.4, 10.88, 6.72
1006, 973.3, 1754.4, 11.2, 7.28
1055, 1026.0, 1768.6, 11.52, 7.84
1100, 1078.1, 1782.9, 11.84, 8.4
1148, 1130.5, 1797.0, 12.16, 8.96
1193, 1183.8, 1811.2, 12.48, 9.52
1240, 1236.6, 1825.3, 12.8, 10.08
1285, 1291.3, 1839.6, 13.12, 10.64
1330, 1346.3, 1854.1, 13.44, 11.2
1379, 1401.6, 1868.3, 13.76, 11.76
1425, 1457.6, 1883.0, 14.08, 12.32
1473, 1514.1, 1897.3, 14.4, 12.88
1519, 1572.9, 1912.1, 14.72, 13.44
1565, 1631.2, 1926.7, 15.04, 14.0
1614, 1690.1, 1941.4, 15.36, 14.56
1660, 1750.5, 1956.3, 15.68, 15.12
1706, 1811.9, 1971.3, 16.0, 15.68
1755, 1873.8, 1986.3, 16.32, 16.24
1804, 1936.6, 2001.6, 16.64, 16.8
1853, 1994.0, 2017.0, 16.96, 17.36
1907, 2033.8, 2032.5, 17.28, 17.92
423, 365.8, 1624.3, 7.68, 0
469, 412.4, 1638.1, 8.0, 0.56
515, 457.0, 1651.7, 8.32, 1.12
562, 503.8, 1665.3, 8.64, 1.68
608, 551.6, 1679.2, 8.96, 2.24
655, 598.7, 1693.1, 9.28, 2.8
699, 645.1, 1706.8, 9.6, 3.36
745, 692.5, 1720.5, 9.92, 3.92
791, 741.9, 1734.4, 10.24, 4.48
838, 791.6, 1748.3, 10.56, 5.04
885, 841.3, 1762.3, 10.88, 5.6
932, 891.0, 1776.3, 11.2, 6.16
977, 941.7, 1790.3, 11.52, 6.72
1025, 992.6, 1804.3, 11.84, 7.28
1070, 1044.1, 1818.4, 12.16, 7.84
1116, 1095.9, 1832.5, 12.48, 8.4
1162, 1150.1, 1847.0, 12.8, 8.96
1210, 1203.5, 1861.2, 13.12, 9.52
1256, 1256.4, 1875.3, 13.44, 10.08
1304, 1311.5, 1889.7, 13.76, 10.64
1351, 1366.6, 1904.2, 14.08, 11.2
1396, 1421.8, 1918.5, 14.4, 11.76
1442, 1479.9, 1933.2, 14.72, 12.32
1491, 1536.7, 1947.8, 15.04, 12.88
1537, 1594.3, 1962.4, 15.36, 13.44
1583, 1653.9, 1977.2, 15.68, 14.0
1631, 1714.2, 1992.2, 16.0, 14.56
1680, 1774.8, 2007.1, 16.32, 15.12
1728, 1836.6, 2022.2, 16.64, 15.68
1775, 1898.1, 2037.3, 16.96, 16.24
439, 382.3, 1674.1, 8.32, 0
488, 426.7, 1687.7, 8.64, 0.56
532, 473.7, 1701.3, 8.96, 1.12
578, 520.9, 1715.2, 9.28, 1.68
623, 567.5, 1729.0, 9.6, 2.24
669, 614.1, 1742.7, 9.92, 2.8
715, 661.6, 1756.3, 10.24, 3.36
764, 711.0, 1770.3, 10.56, 3.92
809, 759.6, 1784.2, 10.88, 4.48
857, 809.9, 1798.2, 11.2, 5.04
902, 859.3, 1812.2, 11.52, 5.6
948, 909.5, 1826.2, 11.84, 6.16
994, 960.4, 1840.2, 12.16, 6.72
1039, 1010.7, 1854.3, 12.48, 7.28
1088, 1063.1, 1868.3, 12.8, 7.84
1134, 1115.4, 1882.5, 13.12, 8.4
1182, 1169.6, 1897.0, 13.44, 8.96
1228, 1222.8, 1911.2, 13.76, 9.52
1273, 1276.9, 1925.4, 14.08, 10.08
1321, 1332.4, 1940.0, 14.4, 10.64
1368, 1387.4, 1954.3, 14.72, 11.2
1414, 1444.9, 1969.1, 15.04, 11.76
1461, 1500.9, 1983.4, 15.36, 12.32
1508, 1559.2, 1998.3, 15.68, 12.88
1557, 1618.6, 2013.1, 16.0, 13.44
1606, 1677.7, 2028.0, 16.32, 14.0
1651, 1739.8, 2043.2, 16.64, 14.56
455, 396.9, 1723.8, 8.96, 0
501, 443.3, 1737.3, 9.28, 0.56
549, 490.9, 1751.2, 9.6, 1.12
594, 537.4, 1765.0, 9.92, 1.68
642, 583.4, 1778.7, 10.24, 2.24
688, 631.3, 1792.3, 10.56, 2.8
734, 679.9, 1806.3, 10.88, 3.36
779, 728.9, 1820.2, 11.2, 3.92
825, 778.5, 1834.2, 11.52, 4.48
871, 827.9, 1848.2, 11.84, 5.04
920, 878.6, 1862.2, 12.16, 5.6
965, 928.6, 1876.2, 12.48, 6.16
1011, 979.5, 1890.2, 12.8, 6.72
1060, 1030.8, 1904.3, 13.12, 7.28
1105, 1082.3, 1918.4, 13.44, 7.84
1151, 1136.2, 1932.8, 13.76, 8.4
1198, 1190.0, 1947.1, 14.08, 8.96
1246, 1243.5, 1961.3, 14.4, 9.52
1291, 1298.5, 1975.9, 14.72, 10.08
1338, 1353.9, 1990.3, 15.04, 10.64
1385, 1409.3, 2004.9, 15.36, 11.2
1433, 1466.0, 2019.3, 15.68, 11.76
1483, 1524.7, 2034.2, 16.0, 12.32
1528, 1564.0, 2045.0, 16.32, 12.88
474, 412.7, 1773.5, 9.6, 0
519, 460.0, 1787.2, 9.92, 0.56
567, 507.0, 1801.1, 10.24, 1.12
612, 553.1, 1814.8, 10.56, 1.68
658, 600.4, 1828.5, 10.88, 2.24
703, 648.9, 1842.3, 11.2, 2.8
749, 698.0, 1856.2, 11.52, 3.36
797, 746.8, 1870.2, 11.84, 3.92
843, 796.7, 1884.2, 12.16, 4.48
891, 846.5, 1898.1, 12.48, 5.04
937, 896.8, 1912.2, 12.8, 5.6
983, 948.2, 1926.2, 13.12, 6.16
1029, 999.1, 1940.3, 13.44, 6.72
1075, 1050.0, 1954.4, 13.76, 7.28
1123, 1104.0, 1968.8, 14.08, 7.84
1169, 1156.7, 1983.1, 14.4, 8.4
1216, 1210.0, 1997.3, 14.72, 8.96
1262, 1264.9, 2011.9, 15.04, 9.52
1310, 1320.3, 2026.2, 15.36, 10.08
1360, 1375.6, 2040.9, 15.68, 10.64
489, 429.7, 1823.3, 10.24, 0
535, 477.5, 1837.2, 10.56, 0.56
581, 524.1, 1851.1, 10.88, 1.12
630, 570.5, 1864.7, 11.2, 1.68
674, 618.0, 1878.4, 11.52, 2.24
720, 667.3, 1892.3, 11.84, 2.8
769, 715.9, 1906.2, 12.16, 3.36
814, 765.3, 1920.2, 12.48, 3.92
860, 815.3, 1934.2, 12.8, 4.48
907, 865.1, 1948.2, 13.12, 5.04
955, 915.8, 1962.2, 13.44, 5.6
1000, 966.9, 1976.3, 13.76, 6.16
1047, 1017.9, 1990.4, 14.08, 6.72
1094, 1071.2, 2004.9, 14.4, 7.28
1141, 1124.5, 2019.1, 14.72, 7.84
1190, 1177.1, 2033.3, 15.04, 8.4
1234, 1222.5, 2045.0, 15.36, 8.96
507, 447.4, 1873.4, 10.88, 0
553, 495.0, 1887.2, 11.2, 0.56
599, 541.8, 1901.1, 11.52, 1.12
647, 588.0, 1914.8, 11.84, 1.68
691, 636.4, 1928.5, 12.16, 2.24
737, 684.9, 1942.3, 12.48, 2.8
784, 734.3, 1956.3, 12.8, 3.36
832, 784.2, 1970.3, 13.12, 3.92
878, 834.1, 1984.3, 13.44, 4.48
925, 884.3, 1998.3, 13.76, 5.04
971, 935.1, 2012.4, 14.08, 5.6
1019, 986.1, 2026.4, 14.4, 6.16
1068, 1039.4, 2041.0, 14.72, 6.72
524, 464.0, 1923.6, 11.52, 0
570, 511.8, 1937.3, 11.84, 0.56
617, 559.7, 1951.2, 12.16, 1.12
663, 607.3, 1965.1, 12.48, 1.68
709, 655.8, 1979.0, 12.8, 2.24
755, 703.2, 1992.7, 13.12, 2.8
803, 752.7, 2006.6, 13.44, 3.36
848, 802.7, 2020.6, 13.76, 3.92
899, 853.2, 2034.7, 14.08, 4.48
942, 887.0, 2045.0, 14.4, 5.04
542, 483.0, 1974.0, 12.16, 0
588, 529.3, 1987.6, 12.48, 0.56
635, 577.5, 2001.3, 12.8, 1.12
681, 626.2, 2015.2, 13.12, 1.68
728, 674.5, 2029.2, 13.44, 2.24
776, 725.9, 2043.2, 13.76, 2.8
559, 501.4, 2024.2, 12.8, 0
609, 548.9, 2038.1, 13.12, 0.56