267.0, 209.99, 1022.8, 0, 0
223.0, 166.83, 1008.2, -0.32, -0.56
179.0, 121.36, 993.65, -0.64, -1.12
137.0, 80.7, 979.19, -0.96, -1.68
65.0, 48.51, 964.85, -1.28, -2.24
63.0, 17.68, 936.71, -1.6, -2.8
258.0, 198.65, 973.25, -0.64, 0
211.0, 155.2, 958.76, -0.96, -0.56
170.0, 112.33, 944.19, -1.28, -1.12
129.0, 68.11, 929.65, -1.6, -1.68
63.0, 17.68, 936.71, -1.92, -2.24
249.0, 187.74, 923.84, -1.28, 0
203.0, 144.86, 909.27, -1.6, -0.56
160.0, 100.79, 894.66, -1.92, -1.12
59.0, 61.72, 880.27, -2.24, -1.68
60.0, 12.07, 887.57, -2.56, -2.24
236.0, 178.01, 874.45, -1.92, 0
193.0, 134.42, 859.82, -2.24, -0.56
151.0, 92.14, 845.28, -2.56, -1.12
55.0, 54.63, 830.74, -2.88, -1.68
56.0, 8.5, 838.0, -3.2, -2.24
227.0, 166.79, 824.99, -2.56, 0
185.0, 124.18, 810.3, -2.88, -0.56
141.0, 81.04, 795.7, -3.2, -1.12
52.0, 52.16, 781.41, -3.52, -1.68
50.0, 17.26, 753.16, -3.84, -2.24
218.0, 158.36, 775.51, -3.2, 0
174.0, 115.94, 760.91, -3.52, -0.56
134.0, 73.66, 746.28, -3.84, -1.12
49.0, 47.16, 731.9, -4.16, -1.68
47.0, 16.55, 703.62, -4.48, -2.24
207.0, 149.24, 726.12, -3.84, 0
165.0, 107.79, 711.48, -4.16, -0.56
46.0, 63.5, 696.7, -4.48, -1.12
47.0, 16.55, 703.62, -4.8, -1.68
197.0, 140.31, 676.65, -4.48, 0
156.0, 97.29, 661.88, -4.8, -0.56
42.0, 59.67, 647.32, -5.12, -1.12
43.0, 13.5, 654.0, -5.44, -1.68
190.0, 132.15, 627.19, -5.12, 0
150.0, 91.49, 612.48, -5.44, -0.56
38.0, 54.57, 597.8, -5.76, -1.12
39.0, 7.88, 604.53, -6.08, -1.68
184.0, 123.93, 577.65, -5.76, 0
140.0, 80.69, 562.72, -6.08, -0.56
34.0, 52.65, 548.37, -6.4, -1.12
35.0, 8.0, 555.0, -6.72, -1.68
176.0, 117.67, 528.2, -6.4, 0
135.0, 76.92, 513.43, -6.72, -0.56
31.0, 50.91, 498.72, -7.04, -1.12
29.0, 19.53, 469.72, -7.36, -1.68
167.0, 110.64, 478.51, -7.04, 0
126.0, 68.08, 463.66, -7.36, -0.56
29.0, 19.53, 469.72, -7.68, -1.12
161.0, 101.55, 428.72, -7.68, 0
25.0, 60.46, 413.83, -8.0, -0.56
26.0, 14.5, 420.0, -8.32, -1.12
153.0, 96.59, 379.21, -8.32, 0
21.0, 58.8, 364.33, -8.64, -0.56
22.0, 8.0, 370.0, -8.96, -1.12
147.0, 89.93, 329.44, -8.96, 0
18.0, 55.29, 314.57, -9.28, -0.56
17.0, 36.66, 299.94, -9.6, -1.12
16.0, 19.16, 285.23, -9.92, -1.68
144.0, 82.01, 279.6, -9.6, 0
15.0, 51.76, 264.63, -9.92, -0.56
13.0, 15.95, 235.35, -10.24, -1.12
139.0, 76.15, 229.66, -10.24, 0
12.0, 47.04, 214.81, -10.56, -0.56
10.0, 13.5, 185.0, -10.88, -1.12
136.0, 68.65, 179.68, -10.88, 0
9.0, 43.13, 164.83, -11.2, -0.56
7.0, 11.5, 135.0, -11.52, -1.12
130.0, 62.86, 129.6, -11.52, 0
7.0, 11.5, 135.0, -11.84, -0.56
124.0, 58.09, 79.28, -12.16, 0
4.0, 37.4, 64.12, -12.48, -0.56
3.0, 20.99, 49.31, -12.8, -1.12
2.0, 53.46, 28.87, -12.8, 0
1.0, 36.77, 13.98, -13.12, -0.56
223.0, 166.83, 1008.2, -0.32, -0.56
179.0, 121.36, 993.65, -0.64, -1.12
137.0, 80.7, 979.19, -0.96, -1.68
65.0, 48.51, 964.85, -1.28, -2.24
63.0, 17.68, 936.71, -1.6, -2.8
279.0, 220.63, 1072.16, 0.64, 0
235.0, 177.95, 1057.79, 0.32, -0.56
191.0, 133.97, 1043.17, 0.0, -1.12
148.0, 91.61, 1028.82, -0.32, -1.68
68.0, 56.09, 1014.34, -0.64, -2.24
69.0, 7.5, 1022.0, -0.96, -2.8
290.0, 233.23, 1121.67, 1.28, 0
247.0, 188.18, 1107.16, 0.96, -0.56
201.0, 145.79, 1092.8, 0.64, -1.12
158.0, 102.48, 1078.27, 0.32, -1.68
72.0, 62.66, 1063.9, -1.11022302463e-16, -2.24
73.0, 12.32, 1071.61, -0.32, -2.8
304.0, 243.78, 1171.12, 1.92, 0
259.0, 200.88, 1156.68, 1.6, -0.56
215.0, 155.89, 1142.17, 1.28, -1.12
171.0, 113.49, 1127.86, 0.96, -1.68
127.0, 70.62, 1113.32, 0.64, -2.24
75.0, 48.49, 1099.37, 0.32, -2.8
73.0, 12.32, 1071.61, -3.33066907388e-16, -3.36
316.0, 254.9, 1220.5, 2.56, 0
271.0, 211.18, 1206.12, 2.24, -0.56
225.0, 167.52, 1191.69, 1.92, -1.12
180.0, 124.1, 1177.22, 1.6, -1.68
138.0, 83.22, 1162.99, 1.28, -2.24
78.0, 51.28, 1148.57, 0.96, -2.8
76.0, 16.57, 1121.12, 0.64, -3.36
330.0, 267.18, 1270.11, 3.2, 0
282.0, 223.67, 1255.58, 2.88, -0.56
237.0, 179.02, 1241.17, 2.56, -1.12
194.0, 136.58, 1226.82, 2.24, -1.68
152.0, 92.53, 1212.35, 1.92, -2.24
81.0, 58.64, 1198.29, 1.6, -2.8
82.0, 9.0, 1206.0, 1.28, -3.36
344.0, 279.98, 1319.57, 3.84, 0
296.0, 235.03, 1305.18, 3.52, -0.56
250.0, 192.08, 1290.82, 3.2, -1.12
206.0, 147.11, 1276.33, 2.88, -1.68
162.0, 105.41, 1262.12, 2.56, -2.24
85.0, 63.87, 1247.74, 2.24, -2.8
86.0, 15.36, 1255.71, 1.92, -3.36
356.0, 291.15, 1369.18, 4.48, 0
310.0, 249.03, 1354.84, 4.16, -0.56
265.0, 202.59, 1340.33, 3.84, -1.12
220.0, 160.87, 1326.13, 3.52, -1.68
175.0, 117.84, 1311.75, 3.2, -2.24
131.0, 73.45, 1297.23, 2.88, -2.8
88.0, 50.74, 1283.48, 2.56, -3.36
86.0, 15.36, 1255.71, 2.24, -3.92
367.0, 307.33, 1419.03, 5.12, 0
321.0, 261.95, 1404.51, 4.8, -0.56
276.0, 217.64, 1390.16, 4.48, -1.12
231.0, 174.4, 1375.77, 4.16, -1.68
188.0, 128.3, 1361.21, 3.84, -2.24
145.0, 88.0, 1347.16, 3.52, -2.8
91.0, 53.89, 1332.94, 3.2, -3.36
89.0, 21.75, 1305.62, 2.88, -3.92
384.0, 320.69, 1468.61, 5.76, 0
337.0, 274.19, 1454.17, 5.44, -0.56
291.0, 230.67, 1439.84, 5.12, -1.12
243.0, 186.63, 1425.44, 4.8, -1.68
198.0, 142.82, 1411.18, 4.48, -2.24
155.0, 99.91, 1396.78, 4.16, -2.8
94.0, 57.79, 1382.3, 3.84, -3.36
95.0, 12.0, 1391.0, 3.52, -3.92
398.0, 334.83, 1518.47, 6.4, 0
353.0, 289.79, 1504.06, 6.08, -0.56
306.0, 244.45, 1489.56, 5.76, -1.12
260.0, 199.2, 1475.19, 5.44, -1.68
212.0, 155.55, 1460.85, 5.12, -2.24
168.0, 112.59, 1446.53, 4.8, -2.8
132.0, 69.22, 1432.22, 4.48, -3.36
97.0, 47.93, 1418.52, 4.16, -3.92
95.0, 12.0, 1391.0, 3.84, -4.48
410.0, 346.91, 1568.19, 7.04, 0
364.0, 304.12, 1553.99, 6.72, -0.56
319.0, 258.1, 1539.44, 6.4, -1.12
273.0, 212.72, 1525.12, 6.08, -1.68
228.0, 169.41, 1510.74, 5.76, -2.24
181.0, 124.01, 1496.32, 5.44, -2.8
146.0, 83.21, 1482.18, 5.12, -3.36
100.0, 51.43, 1468.09, 4.8, -3.92
98.0, 17.28, 1440.67, 4.48, -4.48
426.0, 362.12, 1618.16, 7.68, 0
380.0, 318.52, 1603.8, 7.36, -0.56
334.0, 272.63, 1589.34, 7.04, -1.12
285.0, 228.09, 1575.06, 6.72, -1.68
241.0, 182.96, 1560.67, 6.4, -2.24
202.0, 138.76, 1546.23, 6.08, -2.8
157.0, 96.88, 1532.16, 5.76, -3.36
103.0, 57.31, 1517.87, 5.44, -3.92
104.0, 11.0, 1527.0, 5.12, -4.48
441.0, 378.01, 1668.12, 8.32, 0
396.0, 332.75, 1653.74, 8.0, -0.56
348.0, 285.12, 1639.21, 7.68, -1.12
301.0, 242.43, 1625.05, 7.36, -1.68
255.0, 198.23, 1610.57, 7.04, -2.24
217.0, 152.96, 1596.23, 6.72, -2.8
172.0, 111.1, 1582.11, 6.4, -3.36
128.0, 67.53, 1567.79, 6.08, -3.92
106.0, 45.34, 1554.07, 5.76, -4.48
104.0, 11.0, 1527.0, 5.44, -5.04
462.0, 393.15, 1718.2, 8.96, 0
409.0, 347.43, 1703.76, 8.64, -0.56
363.0, 299.2, 1689.2, 8.32, -1.12
317.0, 257.61, 1675.06, 8.0, -1.68
272.0, 212.6, 1660.7, 7.68, -2.24
230.0, 166.48, 1646.22, 7.36, -2.8
186.0, 123.69, 1632.12, 7.04, -3.36
142.0, 81.89, 1617.94, 6.72, -3.92
109.0, 49.81, 1604.0, 6.4, -4.48
107.0, 15.43, 1576.67, 6.08, -5.04
477.0, 409.94, 1768.41, 9.6, 0
432.0, 365.05, 1754.06, 9.28, -0.56
385.0, 318.44, 1739.53, 8.96, -1.12
340.0, 272.24, 1725.18, 8.64, -1.68
286.0, 227.19, 1710.78, 8.32, -2.24
244.0, 183.5, 1696.5, 8.0, -2.8
199.0, 137.66, 1682.19, 7.68, -3.36
154.0, 95.18, 1668.03, 7.36, -3.92
112.0, 58.08, 1654.05, 7.04, -4.48
110.0, 21.59, 1626.65, 6.72, -5.04
493.0, 427.67, 1818.64, 10.24, 0
446.0, 378.71, 1804.19, 9.92, -0.56
401.0, 334.49, 1789.79, 9.6, -1.12
355.0, 287.74, 1775.33, 9.28, -1.68
302.0, 241.9, 1761.04, 8.96, -2.24
261.0, 197.96, 1746.74, 8.64, -2.8
216.0, 151.3, 1732.26, 8.32, -3.36
169.0, 108.45, 1718.18, 8.0, -3.92
125.0, 66.5, 1704.05, 7.68, -4.48
113.0, 26.11, 1676.88, 7.36, -5.04
512.0, 443.66, 1869.1, 10.88, 0
464.0, 396.81, 1854.55, 10.56, -0.56
418.0, 349.78, 1840.11, 10.24, -1.12
371.0, 304.38, 1825.76, 9.92, -1.68
324.0, 256.63, 1811.22, 9.6, -2.24
277.0, 213.28, 1797.07, 9.28, -2.8
229.0, 169.24, 1782.88, 8.96, -3.36
187.0, 123.97, 1768.46, 8.64, -3.92
143.0, 81.3, 1754.49, 8.32, -4.48
117.0, 50.33, 1740.46, 8.0, -5.04
115.0, 13.88, 1713.58, 7.68, -5.6
528.0, 460.7, 1919.55, 11.52, 0
480.0, 413.69, 1905.1, 11.2, -0.56
434.0, 367.68, 1890.58, 10.88, -1.12
388.0, 318.79, 1876.14, 10.56, -1.68
341.0, 275.75, 1861.92, 10.24, -2.24
293.0, 228.8, 1847.44, 9.92, -2.8
245.0, 182.44, 1833.15, 9.6, -3.36
200.0, 140.28, 1819.0, 9.28, -3.92
159.0, 97.06, 1804.93, 8.96, -4.48
120.0, 54.15, 1790.75, 8.64, -5.04
118.0, 19.79, 1763.63, 8.32, -5.6
545.0, 476.7, 1970.11, 12.16, 0
499.0, 431.9, 1955.75, 11.84, -0.56
451.0, 382.8, 1941.11, 11.52, -1.12
404.0, 338.25, 1926.9, 11.2, -1.68
354.0, 287.59, 1912.2, 10.88, -2.24
305.0, 244.35, 1897.99, 10.56, -2.8
266.0, 199.9, 1883.85, 10.24, -3.36
222.0, 154.73, 1869.51, 9.92, -3.92
177.0, 112.55, 1855.49, 9.6, -4.48
133.0, 69.05, 1841.3, 9.28, -5.04
122.0, 45.67, 1827.63, 8.96, -5.6
121.0, 9.0, 1814.0, 8.64, -6.16
561.0, 495.52, 2020.96, 12.8, 0
514.0, 445.6, 2006.24, 12.48, -0.56
468.0, 400.84, 1991.94, 12.16, -1.12
422.0, 352.0, 1977.34, 11.84, -1.68
375.0, 307.2, 1963.01, 11.52, -2.24
328.0, 260.78, 1948.81, 11.2, -2.8
283.0, 216.84, 1934.5, 10.88, -3.36
239.0, 172.45, 1920.17, 10.56, -3.92
192.0, 128.81, 1906.07, 10.24, -4.48
149.0, 83.81, 1891.97, 9.92, -5.04
123.0, 38.32, 1877.54, 9.6, -5.6
486.0, 446.93, 2043.47, 12.8, -1.12
368.0, 263.0, 2045.0, 11.84, -3.92
320.0, 251.81, 2036.24, 11.52, -4.48
274.0, 199.96, 2021.61, 11.2, -5.04
234.0, 129.1, 2007.01, 10.88, -5.6
313.0, 253.74, 1037.27, 0.32, 0.56
359.0, 296.76, 1051.76, 0.64, 1.12
403.0, 340.44, 1066.23, 0.96, 1.68
448.0, 384.81, 1080.76, 1.28, 2.24
497.0, 430.1, 1095.27, 1.6, 2.8
539.0, 476.39, 1109.88, 1.92, 3.36
583.0, 520.6, 1124.28, 2.24, 3.92
627.0, 568.53, 1138.94, 2.56, 4.48
673.0, 614.76, 1153.47, 2.88, 5.04
717.0, 662.45, 1168.12, 3.2, 5.6
760.0, 711.36, 1182.7, 3.52, 6.16
806.0, 756.9, 1197.28, 3.84, 6.72
851.0, 806.95, 1211.99, 4.16, 7.28
897.0, 856.59, 1226.69, 4.48, 7.84
943.0, 904.25, 1241.41, 4.8, 8.4
988.0, 954.47, 1256.14, 5.12, 8.96
1032.0, 1005.01, 1270.78, 5.44, 9.52
1078.0, 1053.77, 1285.49, 5.76, 10.08
1122.0, 1106.01, 1300.43, 6.08, 10.64
1169.0, 1158.38, 1315.19, 6.4, 11.2
1214.0, 1211.19, 1330.13, 6.72, 11.76
1258.0, 1263.71, 1345.03, 7.04, 12.32
1303.0, 1317.45, 1360.0, 7.36, 12.88
1349.0, 1372.12, 1374.82, 7.68, 13.44
1392.0, 1426.92, 1390.01, 8.0, 14.0
1438.0, 1482.72, 1405.07, 8.32, 14.56
1484.0, 1538.89, 1420.13, 8.64, 15.12
1530.0, 1595.71, 1435.39, 8.96, 15.68
1576.0, 1652.79, 1450.47, 9.28, 16.24
1627.0, 1712.4, 1465.68, 9.6, 16.8
1671.0, 1771.25, 1481.14, 9.92, 17.36
1714.0, 1829.92, 1496.47, 10.24, 17.92
1759.0, 1888.54, 1511.68, 10.56, 18.48
1803.0, 1952.49, 1527.46, 10.88, 19.04
1848.0, 1999.53, 1542.65, 11.2, 19.6
1894.0, 2034.85, 1557.53, 11.52, 20.16
258.0, 198.65, 973.25, -0.64, 0
300.0, 242.89, 987.81, -0.32, 0.56
346.0, 285.7, 1002.27, 0.0, 1.12
391.0, 328.85, 1016.81, 0.32, 1.68
436.0, 372.89, 1031.28, 0.64, 2.24
482.0, 418.79, 1045.91, 0.96, 2.8
527.0, 464.59, 1060.46, 1.28, 3.36
571.0, 510.43, 1075.0, 1.6, 3.92
616.0, 555.49, 1089.51, 1.92, 4.48
662.0, 602.59, 1104.2, 2.24, 5.04
706.0, 650.55, 1118.72, 2.56, 5.6
750.0, 696.69, 1133.29, 2.88, 6.16
796.0, 745.29, 1147.96, 3.2, 6.72
840.0, 792.45, 1162.5, 3.52, 7.28
884.0, 841.06, 1177.26, 3.84, 7.84
930.0, 891.02, 1191.97, 4.16, 8.4
975.0, 940.83, 1206.64, 4.48, 8.96
1019.0, 989.91, 1221.42, 4.8, 9.52
1065.0, 1040.61, 1236.15, 5.12, 10.08
1111.0, 1092.3, 1250.99, 5.44, 10.64
1156.0, 1144.06, 1265.72, 5.76, 11.2
1200.0, 1195.07, 1280.49, 6.08, 11.76
1245.0, 1247.79, 1295.45, 6.4, 12.32
1291.0, 1301.26, 1310.42, 6.72, 12.88
1337.0, 1355.26, 1325.38, 7.04, 13.44
1382.0, 1410.59, 1340.34, 7.36, 14.0
1426.0, 1465.89, 1355.41, 7.68, 14.56
1470.0, 1521.28, 1370.44, 8.0, 15.12
1516.0, 1577.92, 1385.47, 8.32, 15.68
1560.0, 1633.89, 1400.49, 8.64, 16.24
1605.0, 1691.95, 1415.75, 8.96, 16.8
1652.0, 1752.14, 1431.15, 9.28, 17.36
1700.0, 1811.82, 1446.48, 9.6, 17.92
1746.0, 1870.01, 1461.64, 9.92, 18.48
1790.0, 1934.13, 1477.38, 10.24, 19.04
1836.0, 1987.1, 1492.5, 10.56, 19.6
1881.0, 2025.16, 1507.87, 10.88, 20.16
249.0, 187.74, 923.84, -1.28, 0
292.0, 231.42, 938.31, -0.96, 0.56
335.0, 275.37, 952.93, -0.64, 1.12
382.0, 319.2, 967.47, -0.32, 1.68
425.0, 362.53, 981.94, 1.11022302463e-16, 2.24
470.0, 407.3, 996.49, 0.32, 2.8
515.0, 453.16, 1011.08, 0.64, 3.36
558.0, 496.79, 1025.51, 0.96, 3.92
604.0, 543.6, 1040.25, 1.28, 4.48
649.0, 590.9, 1054.9, 1.6, 5.04
693.0, 637.23, 1069.45, 1.92, 5.6
738.0, 685.02, 1084.08, 2.24, 6.16
785.0, 733.4, 1098.62, 2.56, 6.72
829.0, 779.68, 1113.26, 2.88, 7.28
874.0, 829.36, 1127.95, 3.2, 7.84
920.0, 876.77, 1142.51, 3.52, 8.4
963.0, 926.05, 1157.27, 3.84, 8.96
1006.0, 976.69, 1172.06, 4.16, 9.52
1051.0, 1026.84, 1186.71, 4.48, 10.08
1097.0, 1077.36, 1201.48, 4.8, 10.64
1141.0, 1129.25, 1216.39, 5.12, 11.2
1187.0, 1181.4, 1231.13, 5.44, 11.76
1233.0, 1233.6, 1246.01, 5.76, 12.32
1279.0, 1287.57, 1260.79, 6.08, 12.88
1324.0, 1340.84, 1275.72, 6.4, 13.44
1369.0, 1394.76, 1290.67, 6.72, 14.0
1414.0, 1449.74, 1305.65, 7.04, 14.56
1459.0, 1505.12, 1320.67, 7.36, 15.12
1505.0, 1561.29, 1335.72, 7.68, 15.68
1549.0, 1618.96, 1350.87, 8.0, 16.24
1592.0, 1676.36, 1366.12, 8.32, 16.8
1637.0, 1734.28, 1381.38, 8.64, 17.36
1688.0, 1793.56, 1396.49, 8.96, 17.92
1731.0, 1851.5, 1411.66, 9.28, 18.48
1776.0, 1915.58, 1427.35, 9.6, 19.04
1820.0, 1974.15, 1442.52, 9.92, 19.6
1868.0, 2014.18, 1457.79, 10.24, 20.16
236.0, 178.01, 874.45, -1.92, 0
280.0, 220.28, 888.94, -1.6, 0.56
326.0, 264.51, 903.5, -1.28, 1.12
373.0, 306.99, 918.1, -0.96, 1.68
417.0, 351.58, 932.52, -0.64, 2.24
460.0, 396.51, 947.23, -0.32, 2.8
506.0, 438.88, 961.67, 3.33066907388e-16, 3.36
550.0, 485.93, 976.26, 0.32, 3.92
593.0, 532.29, 990.9, 0.64, 4.48
637.0, 579.08, 1005.47, 0.96, 5.04
681.0, 625.29, 1020.16, 1.28, 5.6
726.0, 673.89, 1034.69, 1.6, 6.16
771.0, 720.63, 1049.41, 1.92, 6.72
816.0, 768.87, 1064.02, 2.24, 7.28
861.0, 815.27, 1078.51, 2.56, 7.84
907.0, 863.95, 1093.25, 2.88, 8.4
951.0, 912.99, 1107.92, 3.2, 8.96
996.0, 961.75, 1122.51, 3.52, 9.52
1041.0, 1013.23, 1137.43, 3.84, 10.08
1086.0, 1064.07, 1152.15, 4.16, 10.64
1130.0, 1114.88, 1166.91, 4.48, 11.2
1173.0, 1167.32, 1181.7, 4.8, 11.76
1220.0, 1218.85, 1196.49, 5.12, 12.32
1263.0, 1272.03, 1211.44, 5.44, 12.88
1310.0, 1324.6, 1226.36, 5.76, 13.44
1355.0, 1379.89, 1241.16, 6.08, 14.0
1402.0, 1434.56, 1256.14, 6.4, 14.56
1446.0, 1489.99, 1271.14, 6.72, 15.12
1491.0, 1545.48, 1286.15, 7.04, 15.68
1536.0, 1603.16, 1301.33, 7.36, 16.24
1582.0, 1658.96, 1316.41, 7.68, 16.8
1626.0, 1716.43, 1331.46, 8.0, 17.36
1670.0, 1773.45, 1346.51, 8.32, 17.92
1718.0, 1834.87, 1362.0, 8.64, 18.48
1762.0, 1895.99, 1377.43, 8.96, 19.04
1805.0, 1955.54, 1392.52, 9.28, 19.6
1852.0, 2002.59, 1407.83, 9.6, 20.16
1896.0, 2036.38, 1422.52, 9.92, 20.72
227.0, 166.79, 824.99, -2.56, 0
270.0, 210.4, 839.51, -2.24, 0.56
315.0, 253.83, 854.18, -1.92, 1.12
360.0, 295.64, 868.66, -1.6, 1.68
405.0, 340.86, 883.26, -1.28, 2.24
450.0, 385.03, 897.82, -0.96, 2.8
496.0, 430.8, 912.45, -0.64, 3.36
540.0, 474.54, 926.94, -0.32, 3.92
584.0, 520.61, 941.5, 1.11022302463e-16, 4.48
630.0, 567.54, 956.22, 0.32, 5.04
672.0, 614.07, 970.81, 0.64, 5.6
714.0, 661.56, 985.44, 0.96, 6.16
759.0, 709.41, 1000.08, 1.28, 6.72
805.0, 755.49, 1014.52, 1.6, 7.28
848.0, 804.45, 1029.41, 1.92, 7.84
894.0, 852.3, 1044.03, 2.24, 8.4
939.0, 899.48, 1058.51, 2.56, 8.96
983.0, 950.09, 1073.4, 2.88, 9.52
1029.0, 999.59, 1088.08, 3.2, 10.08
1076.0, 1050.89, 1102.72, 3.52, 10.64
1118.0, 1100.82, 1117.49, 3.84, 11.2
1165.0, 1152.63, 1132.39, 4.16, 11.76
1209.0, 1205.24, 1147.14, 4.48, 12.32
1253.0, 1257.8, 1162.03, 4.8, 12.88
1296.0, 1311.4, 1176.75, 5.12, 13.44
1344.0, 1365.42, 1191.69, 5.44, 14.0
1387.0, 1417.69, 1206.49, 5.76, 14.56
1432.0, 1473.4, 1221.49, 6.08, 15.12
1477.0, 1528.67, 1236.49, 6.4, 15.68
1523.0, 1584.55, 1251.49, 6.72, 16.24
1568.0, 1640.73, 1266.53, 7.04, 16.8
1614.0, 1699.58, 1281.67, 7.36, 17.36
1658.0, 1757.54, 1296.99, 7.68, 17.92
1704.0, 1819.66, 1312.3, 8.0, 18.48
1750.0, 1878.43, 1327.47, 8.32, 19.04
1794.0, 1937.38, 1342.61, 8.64, 19.6
1838.0, 1992.2, 1358.06, 8.96, 20.16
1884.0, 2027.37, 1372.87, 9.28, 20.72
218.0, 158.36, 775.51, -3.2, 0
263.0, 200.78, 790.21, -2.88, 0.56
309.0, 242.5, 804.69, -2.56, 1.12
352.0, 287.79, 819.29, -2.24, 1.68
397.0, 331.84, 833.91, -1.92, 2.24
438.0, 375.47, 848.49, -1.6, 2.8
484.0, 419.71, 863.17, -1.28, 3.36
529.0, 463.18, 877.66, -0.96, 3.92
572.0, 510.03, 892.27, -0.64, 4.48
619.0, 555.55, 906.83, -0.32, 5.04
663.0, 603.2, 921.49, -3.33066907388e-16, 5.6
707.0, 649.15, 936.18, 0.32, 6.16
753.0, 698.11, 950.72, 0.64, 6.72
795.0, 745.31, 965.45, 0.96, 7.28
839.0, 793.17, 980.11, 1.28, 7.84
882.0, 839.14, 994.52, 1.6, 8.4
927.0, 888.84, 1009.4, 1.92, 8.96
971.0, 937.97, 1024.09, 2.24, 9.52
1015.0, 987.5, 1038.7, 2.56, 10.08
1063.0, 1037.39, 1053.47, 2.88, 10.64
1106.0, 1087.14, 1068.21, 3.2, 11.2
1152.0, 1139.37, 1083.03, 3.52, 11.76
1197.0, 1191.14, 1097.69, 3.84, 12.32
1241.0, 1242.77, 1112.49, 4.16, 12.88
1287.0, 1296.09, 1127.45, 4.48, 13.44
1332.0, 1350.15, 1142.38, 4.8, 14.0
1376.0, 1405.42, 1157.29, 5.12, 14.56
1419.0, 1459.27, 1172.13, 5.44, 15.12
1464.0, 1514.74, 1187.08, 5.76, 15.68
1510.0, 1570.87, 1202.08, 6.08, 16.24
1554.0, 1627.53, 1217.14, 6.4, 16.8
1600.0, 1685.68, 1232.29, 6.72, 17.36
1644.0, 1742.74, 1247.32, 7.04, 17.92
1689.0, 1800.31, 1262.44, 7.36, 18.48
1736.0, 1859.87, 1277.54, 7.68, 19.04
1781.0, 1918.4, 1292.83, 8.0, 19.6
1826.0, 1980.84, 1308.27, 8.32, 20.16
1872.0, 2017.57, 1322.94, 8.64, 20.72
207.0, 149.24, 726.12, -3.84, 0
253.0, 190.67, 740.65, -3.52, 0.56
297.0, 235.72, 755.45, -3.2, 1.12
343.0, 278.15, 770.04, -2.88, 1.68
387.0, 321.5, 784.51, -2.56, 2.24
431.0, 365.66, 799.23, -2.24, 2.8
476.0, 408.07, 813.69, -1.92, 3.36
521.0, 455.42, 828.44, -1.6, 3.92
563.0, 498.37, 843.04, -1.28, 4.48
606.0, 544.3, 857.5, -0.96, 5.04
651.0, 590.55, 872.22, -0.64, 5.6
696.0, 638.53, 886.88, -0.32, 6.16
741.0, 686.22, 901.5, -7.77156117238e-16, 6.72
786.0, 733.2, 916.2, 0.32, 7.28
828.0, 781.67, 930.86, 0.64, 7.84
873.0, 829.21, 945.46, 0.96, 8.4
918.0, 876.83, 960.12, 1.28, 8.96
961.0, 923.63, 974.55, 1.6, 9.52
1004.0, 975.13, 989.45, 1.92, 10.08
1050.0, 1024.0, 1004.19, 2.24, 10.64
1094.0, 1074.53, 1018.87, 2.56, 11.2
1138.0, 1124.74, 1033.53, 2.88, 11.76
1184.0, 1177.85, 1048.47, 3.2, 12.32
1229.0, 1230.42, 1063.3, 3.52, 12.88
1274.0, 1283.02, 1078.07, 3.84, 13.44
1322.0, 1333.99, 1092.87, 4.16, 14.0
1364.0, 1389.56, 1107.67, 4.48, 14.56
1408.0, 1443.24, 1122.53, 4.8, 15.12
1454.0, 1498.29, 1137.48, 5.12, 15.68
1499.0, 1554.29, 1152.49, 5.44, 16.24
1542.0, 1610.74, 1167.48, 5.76, 16.8
1587.0, 1667.06, 1182.47, 6.08, 17.36
1632.0, 1724.03, 1197.51, 6.4, 17.92
1675.0, 1781.48, 1212.6, 6.72, 18.48
1723.0, 1841.3, 1227.83, 7.04, 19.04
1768.0, 1905.62, 1243.28, 7.36, 19.6
1813.0, 1965.21, 1258.46, 7.68, 20.16
1859.0, 2006.46, 1273.27, 8.0, 20.72
1903.0, 2039.23, 1288.46, 8.32, 21.28
197.0, 140.31, 676.65, -4.48, 0
242.0, 184.78, 691.42, -4.16, 0.56
287.0, 225.31, 705.97, -3.84, 1.12
331.0, 268.48, 720.63, -3.52, 1.68
378.0, 313.03, 735.27, -3.2, 2.24
421.0, 355.77, 749.81, -2.88, 2.8
465.0, 401.09, 764.49, -2.56, 3.36
510.0, 444.23, 779.16, -2.24, 3.92
555.0, 488.66, 793.68, -1.92, 4.48
599.0, 535.99, 808.43, -1.6, 5.04
644.0, 580.43, 823.01, -1.28, 5.6
686.0, 627.64, 837.53, -0.96, 6.16
730.0, 674.82, 852.26, -0.64, 6.72
773.0, 722.57, 866.92, -0.32, 7.28
818.0, 772.46, 881.68, -7.77156117238e-16, 7.84
863.0, 817.9, 896.21, 0.32, 8.4
909.0, 866.16, 910.85, 0.64, 8.96
952.0, 914.51, 925.49, 0.96, 9.52
995.0, 962.96, 940.21, 1.28, 10.08
1040.0, 1012.43, 954.92, 1.6, 10.64
1085.0, 1062.39, 969.5, 1.92, 11.2
1128.0, 1114.21, 984.43, 2.24, 11.76
1172.0, 1165.07, 999.1, 2.56, 12.32
1217.0, 1215.95, 1013.9, 2.88, 12.88
1261.0, 1267.3, 1028.54, 3.2, 13.44
1307.0, 1321.12, 1043.48, 3.52, 14.0
1352.0, 1375.61, 1058.45, 3.84, 14.56
1397.0, 1429.97, 1073.35, 4.16, 15.12
1440.0, 1486.35, 1088.28, 4.48, 15.68
1488.0, 1540.66, 1103.12, 4.8, 16.24
1532.0, 1596.27, 1118.06, 5.12, 16.8
1575.0, 1652.49, 1133.05, 5.44, 17.36
1620.0, 1711.39, 1148.26, 5.76, 17.92
1663.0, 1769.0, 1163.26, 6.08, 18.48
1708.0, 1826.93, 1178.38, 6.4, 19.04
1756.0, 1887.6, 1193.47, 6.72, 19.6
1799.0, 1947.08, 1208.52, 7.04, 20.16
1844.0, 1996.04, 1223.64, 7.36, 20.72
1890.0, 2031.82, 1238.78, 7.68, 21.28
190.0, 132.15, 627.19, -5.12, 0
233.0, 173.34, 641.72, -4.8, 0.56
278.0, 218.32, 656.52, -4.48, 1.12
323.0, 260.45, 671.24, -4.16, 1.68
366.0, 302.68, 685.82, -3.84, 2.24
411.0, 347.23, 700.5, -3.52, 2.8
455.0, 391.1, 715.22, -3.2, 3.36
501.0, 433.56, 729.7, -2.88, 3.92
544.0, 480.95, 744.48, -2.56, 4.48
588.0, 524.29, 759.15, -2.24, 5.04
632.0, 569.04, 773.68, -1.92, 5.6
677.0, 618.37, 788.46, -1.6, 6.16
722.0, 665.42, 803.15, -1.28, 6.72
766.0, 713.93, 817.73, -0.96, 7.28
809.0, 760.72, 832.46, -0.64, 7.84
852.0, 806.92, 847.02, -0.32, 8.4
896.0, 854.39, 861.53, 1.11022302463e-16, 8.96
941.0, 903.68, 876.39, 0.32, 9.52
984.0, 951.75, 891.02, 0.64, 10.08
1031.0, 999.89, 905.54, 0.96, 10.64
1075.0, 1051.89, 920.44, 1.28, 11.2
1119.0, 1101.64, 935.09, 1.6, 11.76
1164.0, 1151.77, 949.79, 1.92, 12.32
1208.0, 1203.77, 964.49, 2.24, 12.88
1251.0, 1256.48, 979.44, 2.56, 13.44
1295.0, 1309.85, 994.28, 2.88, 14.0
1340.0, 1362.43, 1009.03, 3.2, 14.56
1385.0, 1417.0, 1023.83, 3.52, 15.12
1429.0, 1468.22, 1038.56, 3.84, 15.68
1474.0, 1524.91, 1053.54, 4.16, 16.24
1519.0, 1580.52, 1068.52, 4.48, 16.8
1563.0, 1637.0, 1083.48, 4.8, 17.36
1607.0, 1693.97, 1098.48, 5.12, 17.92
1651.0, 1751.32, 1113.51, 5.44, 18.48
1695.0, 1808.95, 1128.51, 5.76, 19.04
1745.0, 1870.16, 1143.64, 6.08, 19.6
1788.0, 1928.08, 1158.82, 6.4, 20.16
1831.0, 1987.62, 1174.18, 6.72, 20.72
1878.0, 2023.35, 1188.87, 7.04, 21.28
184.0, 123.93, 577.65, -5.76, 0
224.0, 167.01, 592.43, -5.44, 0.56
269.0, 208.96, 607.16, -5.12, 1.12
312.0, 249.94, 621.69, -4.8, 1.68
358.0, 295.58, 636.49, -4.48, 2.24
402.0, 338.93, 651.22, -4.16, 2.8
445.0, 380.55, 665.7, -3.84, 3.36
491.0, 426.6, 680.5, -3.52, 3.92
535.0, 469.53, 695.17, -3.2, 4.48
577.0, 513.2, 709.69, -2.88, 5.04
623.0, 561.22, 724.49, -2.56, 5.6
667.0, 608.16, 739.2, -2.24, 6.16
710.0, 656.15, 753.88, -1.92, 6.72
756.0, 703.26, 768.5, -1.6, 7.28
801.0, 750.16, 783.22, -1.28, 7.84
844.0, 796.67, 797.84, -0.96, 8.4
889.0, 844.74, 812.48, -0.64, 8.96
933.0, 891.71, 827.15, -0.32, 9.52
974.0, 938.58, 841.68, 9.99200722163e-16, 10.08
1017.0, 990.38, 856.48, 0.32, 10.64
1064.0, 1039.43, 871.2, 0.64, 11.2
1108.0, 1089.02, 885.81, 0.96, 11.76
1154.0, 1140.21, 900.5, 1.28, 12.32
1198.0, 1192.15, 915.42, 1.6, 12.88
1242.0, 1243.71, 930.09, 1.92, 13.44
1286.0, 1295.36, 944.88, 2.24, 14.0
1331.0, 1348.06, 959.55, 2.56, 14.56
1374.0, 1402.55, 974.48, 2.88, 15.12
1418.0, 1457.63, 989.44, 3.2, 15.68
1462.0, 1514.21, 1004.33, 3.52, 16.24
1508.0, 1569.3, 1019.3, 3.84, 16.8
1553.0, 1625.28, 1034.28, 4.16, 17.36
1597.0, 1681.06, 1049.23, 4.48, 17.92
1642.0, 1738.33, 1064.24, 4.8, 18.48
1684.0, 1796.36, 1079.24, 5.12, 19.04
1732.0, 1856.01, 1094.29, 5.44, 19.6
1778.0, 1914.41, 1109.4, 5.76, 20.16
1822.0, 1975.5, 1124.45, 6.08, 20.72
1867.0, 2013.54, 1139.05, 6.4, 21.28
176.0, 117.67, 528.2, -6.4, 0
219.0, 157.63, 542.72, -6.08, 0.56
262.0, 200.75, 557.62, -5.76, 1.12
307.0, 244.84, 572.44, -5.44, 1.68
350.0, 287.1, 587.17, -5.12, 2.24
394.0, 328.97, 601.7, -4.8, 2.8
437.0, 374.43, 616.5, -4.48, 3.36
481.0, 417.88, 631.34, -4.16, 3.92
526.0, 459.09, 645.72, -3.84, 4.48
570.0, 506.98, 660.51, -3.52, 5.04
615.0, 550.97, 675.22, -3.2, 5.6
658.0, 595.85, 689.73, -2.88, 6.16
702.0, 645.42, 704.53, -2.56, 6.72
745.0, 692.33, 719.27, -2.24, 7.28
790.0, 741.16, 733.93, -1.92, 7.84
833.0, 785.89, 748.51, -1.6, 8.4
877.0, 833.68, 763.34, -1.28, 8.96
922.0, 880.78, 777.84, -0.96, 9.52
965.0, 930.05, 792.51, -0.64, 10.08
1010.0, 978.92, 807.34, -0.32, 10.64
1055.0, 1028.31, 821.99, 1.88737914186e-15, 11.2
1098.0, 1077.89, 836.54, 0.32, 11.76
1140.0, 1129.72, 851.45, 0.64, 12.32
1186.0, 1179.89, 866.08, 0.96, 12.88
1231.0, 1231.04, 880.85, 1.28, 13.44
1275.0, 1283.59, 895.53, 1.6, 14.0
1321.0, 1337.6, 910.46, 1.92, 14.56
1366.0, 1391.72, 925.3, 2.24, 15.12
1409.0, 1444.5, 940.06, 2.56, 15.68
1453.0, 1495.77, 954.66, 2.88, 16.24
1498.0, 1552.09, 969.56, 3.2, 16.8
1541.0, 1608.66, 984.54, 3.52, 17.36
1586.0, 1664.66, 999.51, 3.84, 17.92
1630.0, 1721.81, 1014.5, 4.16, 18.48
1674.0, 1779.33, 1029.51, 4.48, 19.04
1716.0, 1838.06, 1044.49, 4.8, 19.6
1764.0, 1898.75, 1059.61, 5.12, 20.16
1809.0, 1956.64, 1074.64, 5.44, 20.72
1853.0, 2003.97, 1089.78, 5.76, 21.28
1900.0, 2037.07, 1104.47, 6.08, 21.84
167.0, 110.64, 478.51, -7.04, 0
210.0, 153.5, 493.43, -6.72, 0.56
254.0, 193.35, 508.17, -6.4, 1.12
298.0, 233.56, 522.71, -6.08, 1.68
342.0, 278.32, 537.64, -5.76, 2.24
386.0, 323.79, 552.47, -5.44, 2.8
430.0, 366.08, 567.21, -5.12, 3.36
475.0, 407.32, 581.72, -4.8, 3.92
518.0, 453.56, 596.51, -4.48, 4.48
560.0, 498.85, 611.39, -4.16, 5.04
603.0, 540.39, 625.78, -3.84, 5.6
647.0, 588.35, 640.62, -3.52, 6.16
692.0, 636.85, 655.39, -3.2, 6.72
737.0, 683.07, 670.07, -2.88, 7.28
781.0, 729.59, 684.58, -2.56, 7.84
824.0, 778.4, 699.47, -2.24, 8.4
868.0, 822.46, 714.01, -1.92, 8.96
913.0, 870.48, 728.55, -1.6, 9.52
957.0, 920.61, 743.45, -1.28, 10.08
1001.0, 968.52, 758.05, -0.96, 10.64
1043.0, 1015.99, 772.56, -0.64, 11.2
1088.0, 1067.82, 787.47, -0.32, 11.76
1134.0, 1117.75, 802.12, 2.77555756156e-15, 12.32
1179.0, 1167.79, 816.87, 0.32, 12.88
1222.0, 1220.06, 831.51, 0.64, 13.44
1264.0, 1272.34, 846.44, 0.96, 14.0
1309.0, 1325.38, 861.24, 1.28, 14.56
1354.0, 1377.62, 875.96, 1.6, 15.12
1398.0, 1429.69, 890.56, 1.92, 15.68
1444.0, 1485.74, 905.49, 2.24, 16.24
1489.0, 1540.94, 920.47, 2.56, 16.8
1531.0, 1597.11, 935.4, 2.88, 17.36
1574.0, 1653.9, 950.29, 3.2, 17.92
1619.0, 1709.82, 965.24, 3.52, 18.48
1662.0, 1765.95, 980.14, 3.84, 19.04
1706.0, 1821.48, 994.98, 4.16, 19.6
1752.0, 1880.17, 1010.0, 4.48, 20.16
1797.0, 1942.28, 1025.25, 4.8, 20.72
1842.0, 1995.3, 1040.2, 5.12, 21.28
1887.0, 2029.87, 1054.83, 5.44, 21.84
161.0, 101.55, 428.72, -7.68, 0
205.0, 143.85, 443.67, -7.36, 0.56
248.0, 187.3, 458.52, -7.04, 1.12
289.0, 230.2, 473.45, -6.72, 1.68
333.0, 270.81, 488.19, -6.4, 2.24
379.0, 310.72, 502.78, -6.08, 2.8
423.0, 357.25, 517.7, -5.76, 3.36
467.0, 402.5, 532.49, -5.44, 3.92
509.0, 445.42, 547.34, -5.12, 4.48
554.0, 487.65, 561.81, -4.8, 5.04
597.0, 533.91, 576.65, -4.48, 5.6
642.0, 581.03, 591.43, -4.16, 6.16
684.0, 626.07, 606.05, -3.84, 6.72
725.0, 671.98, 620.69, -3.52, 7.28
770.0, 720.94, 635.49, -3.2, 7.84
815.0, 764.73, 650.09, -2.88, 8.4
860.0, 810.78, 664.68, -2.56, 8.96
904.0, 861.56, 679.48, -2.24, 9.52
947.0, 908.15, 694.14, -1.92, 10.08
990.0, 955.73, 708.7, -1.6, 10.64
1035.0, 1007.19, 723.48, -1.28, 11.2
1080.0, 1056.97, 738.33, -0.96, 11.76
1123.0, 1105.61, 752.91, -0.64, 12.32
1166.0, 1156.84, 767.55, -0.32, 12.88
1211.0, 1209.35, 782.46, 3.66373598126e-15, 13.44
1257.0, 1261.4, 797.23, 0.32, 14.0
1301.0, 1310.12, 811.76, 0.64, 14.56
1345.0, 1364.81, 826.54, 0.96, 15.12
1389.0, 1419.66, 841.47, 1.28, 15.68
1431.0, 1473.49, 856.37, 1.6, 16.24
1476.0, 1528.86, 871.2, 1.92, 16.8
1520.0, 1581.93, 885.91, 2.24, 17.36
1567.0, 1636.85, 900.62, 2.56, 17.92
1610.0, 1693.13, 915.52, 2.88, 18.48
1653.0, 1750.73, 930.52, 3.2, 19.04
1694.0, 1808.51, 945.49, 3.52, 19.6
1744.0, 1869.4, 960.52, 3.84, 20.16
1787.0, 1926.6, 975.47, 4.16, 20.72
1830.0, 1984.36, 990.53, 4.48, 21.28
1875.0, 2021.82, 1005.11, 4.8, 21.84
153.0, 96.59, 379.21, -8.32, 0
195.0, 138.3, 394.18, -8.0, 0.56
238.0, 176.76, 408.8, -7.68, 1.12
281.0, 220.02, 423.71, -7.36, 1.68
327.0, 262.66, 438.64, -7.04, 2.24
369.0, 306.82, 453.49, -6.72, 2.8
414.0, 351.01, 468.41, -6.4, 3.36
458.0, 393.58, 483.09, -6.08, 3.92
502.0, 435.7, 497.72, -5.76, 4.48
546.0, 482.09, 512.51, -5.44, 5.04
589.0, 527.14, 527.41, -5.12, 5.6
631.0, 571.05, 542.06, -4.8, 6.16
676.0, 616.13, 556.69, -4.48, 6.72
720.0, 664.21, 571.49, -4.16, 7.28
764.0, 708.16, 586.16, -3.84, 7.84
808.0, 755.19, 600.71, -3.52, 8.4
849.0, 802.72, 615.49, -3.2, 8.96
893.0, 850.98, 630.32, -2.88, 9.52
938.0, 896.59, 644.8, -2.56, 10.08
981.0, 947.51, 659.51, -2.24, 10.64
1026.0, 997.24, 674.41, -1.92, 11.2
1071.0, 1046.33, 689.02, -1.6, 11.76
1113.0, 1095.04, 703.56, -1.28, 12.32
1158.0, 1147.22, 718.46, -0.96, 12.88
1203.0, 1198.4, 733.23, -0.64, 13.44
1246.0, 1246.74, 747.8, -0.32, 14.0
1290.0, 1300.58, 762.53, 4.55191440096e-15, 14.56
1336.0, 1354.61, 777.46, 0.32, 15.12
1379.0, 1408.37, 792.28, 0.64, 15.68
1424.0, 1460.56, 806.95, 0.96, 16.24
1467.0, 1513.86, 821.63, 1.28, 16.8
1512.0, 1570.36, 836.53, 1.6, 17.36
1555.0, 1626.31, 851.47, 1.92, 17.92
1599.0, 1682.46, 866.41, 2.24, 18.48
1643.0, 1738.58, 881.26, 2.56, 19.04
1686.0, 1792.38, 895.98, 2.88, 19.6
1735.0, 1851.51, 910.99, 3.2, 20.16
1777.0, 1910.12, 925.99, 3.52, 20.72
1821.0, 1970.1, 941.02, 3.84, 21.28
1866.0, 2014.0, 955.78, 4.16, 21.84
147.0, 89.93, 329.44, -8.96, 0
189.0, 131.92, 344.45, -8.64, 0.56
232.0, 171.93, 359.39, -8.32, 1.12
275.0, 213.24, 374.22, -8.0, 1.68
318.0, 255.49, 389.09, -7.68, 2.24
362.0, 295.41, 403.78, -7.36, 2.8
406.0, 340.8, 418.69, -7.04, 3.36
449.0, 385.45, 433.52, -6.72, 3.92
495.0, 430.34, 448.47, -6.4, 4.48
538.0, 474.78, 463.33, -6.08, 5.04
581.0, 516.2, 477.84, -5.76, 5.6
624.0, 562.85, 492.68, -5.44, 6.16
668.0, 610.17, 507.48, -5.12, 6.72
711.0, 655.69, 522.31, -4.8, 7.28
755.0, 699.29, 536.79, -4.48, 7.84
799.0, 746.85, 551.5, -4.16, 8.4
843.0, 794.31, 566.4, -3.84, 8.96
888.0, 841.37, 581.0, -3.52, 9.52
929.0, 888.66, 595.56, -3.2, 10.08
972.0, 938.5, 610.46, -2.88, 10.64
1016.0, 985.76, 625.03, -2.56, 11.2
1060.0, 1034.25, 639.68, -2.24, 11.76
1105.0, 1086.24, 654.48, -1.92, 12.32
1150.0, 1136.78, 669.35, -1.6, 12.88
1193.0, 1186.07, 683.92, -1.28, 13.44
1236.0, 1237.43, 698.54, -0.96, 14.0
1280.0, 1290.44, 713.46, -0.64, 14.56
1327.0, 1343.69, 728.22, -0.32, 15.12
1370.0, 1393.41, 742.81, 4.55191440096e-15, 15.68
1413.0, 1448.54, 757.55, 0.32, 16.24
1458.0, 1503.43, 772.47, 0.64, 16.8
1502.0, 1559.03, 787.39, 0.96, 17.36
1546.0, 1614.44, 802.21, 1.28, 17.92
1590.0, 1666.48, 816.8, 1.6, 18.48
1633.0, 1723.63, 831.66, 1.92, 19.04
1676.0, 1781.35, 846.58, 2.24, 19.6
1722.0, 1841.72, 861.53, 2.56, 20.16
1767.0, 1897.38, 876.45, 2.88, 20.72
1810.0, 1956.74, 891.44, 3.2, 21.28
1856.0, 2004.71, 906.18, 3.52, 21.84
1901.0, 2037.13, 920.89, 3.84, 22.4
144.0, 82.01, 279.6, -9.6, 0
183.0, 122.98, 294.63, -9.28, 0.56
226.0, 164.14, 309.62, -8.96, 1.12
268.0, 206.08, 324.5, -8.64, 1.68
311.0, 247.77, 339.46, -8.32, 2.24
357.0, 291.06, 354.42, -8.0, 2.8
399.0, 333.82, 369.36, -7.68, 3.36
443.0, 376.59, 384.12, -7.36, 3.92
487.0, 418.8, 398.78, -7.04, 4.48
531.0, 465.27, 413.7, -6.72, 5.04
575.0, 510.9, 428.5, -6.4, 5.6
618.0, 556.67, 443.41, -6.08, 6.16
661.0, 600.59, 458.08, -5.76, 6.72
704.0, 645.58, 472.7, -5.44, 7.28
748.0, 693.24, 487.51, -5.12, 7.84
791.0, 738.91, 502.4, -4.8, 8.4
835.0, 784.3, 517.03, -4.48, 8.96
879.0, 831.05, 531.68, -4.16, 9.52
921.0, 880.83, 546.47, -3.84, 10.08
967.0, 928.46, 561.29, -3.52, 10.64
1011.0, 974.7, 575.77, -3.2, 11.2
1054.0, 1025.87, 590.49, -2.88, 11.76
1096.0, 1076.13, 605.36, -2.56, 12.32
1139.0, 1122.71, 619.82, -2.24, 12.88
1183.0, 1175.64, 634.56, -1.92, 13.44
1228.0, 1228.6, 649.47, -1.6, 14.0
1272.0, 1279.75, 664.21, -1.28, 14.56
1317.0, 1329.65, 678.8, -0.96, 15.12
1360.0, 1384.51, 693.53, -0.64, 15.68
1403.0, 1438.88, 708.47, -0.32, 16.24
1449.0, 1492.86, 723.27, 4.55191440096e-15, 16.8
1493.0, 1543.28, 737.82, 0.32, 17.36
1537.0, 1599.69, 752.62, 0.64, 17.92
1580.0, 1656.42, 767.51, 0.96, 18.48
1623.0, 1713.49, 782.45, 1.28, 19.04
1666.0, 1769.52, 797.38, 1.6, 19.6
1709.0, 1822.62, 811.99, 1.92, 20.16
1757.0, 1882.67, 826.99, 2.24, 20.72
1800.0, 1942.31, 841.99, 2.56, 21.28
1843.0, 1995.87, 856.9, 2.88, 21.84
1888.0, 2030.93, 871.44, 3.2, 22.4
139.0, 76.15, 229.66, -10.24, 0
182.0, 116.81, 244.72, -9.92, 0.56
221.0, 157.14, 259.73, -9.6, 1.12
264.0, 197.6, 274.71, -9.28, 1.68
308.0, 239.01, 289.68, -8.96, 2.24
349.0, 281.96, 304.67, -8.64, 2.8
393.0, 324.68, 319.59, -8.32, 3.36
435.0, 369.18, 334.47, -8.0, 3.92
479.0, 413.4, 349.44, -7.68, 4.48
524.0, 458.2, 364.37, -7.36, 5.04
567.0, 500.65, 379.0, -7.04, 5.6
610.0, 546.46, 393.72, -6.72, 6.16
653.0, 592.35, 408.68, -6.4, 6.72
695.0, 639.63, 423.5, -6.08, 7.28
740.0, 685.03, 438.37, -5.76, 7.84
784.0, 727.19, 452.9, -5.44, 8.4
826.0, 775.97, 467.68, -5.12, 8.96
871.0, 824.97, 482.47, -4.8, 9.52
914.0, 871.76, 497.3, -4.48, 10.08
958.0, 917.0, 511.78, -4.16, 10.64
1000.0, 967.27, 526.53, -3.84, 11.2
1044.0, 1016.81, 541.4, -3.52, 11.76
1090.0, 1064.9, 555.94, -3.2, 12.32
1133.0, 1115.39, 570.57, -2.88, 12.88
1177.0, 1167.19, 585.47, -2.56, 13.44
1219.0, 1217.94, 600.3, -2.24, 14.0
1262.0, 1267.2, 614.8, -1.92, 14.56
1306.0, 1320.83, 629.55, -1.6, 15.12
1351.0, 1374.76, 644.46, -1.28, 15.68
1395.0, 1428.06, 659.21, -0.96, 16.24
1437.0, 1478.36, 673.79, -0.64, 16.8
1483.0, 1534.71, 688.55, -0.32, 17.36
1525.0, 1590.19, 703.46, 4.55191440096e-15, 17.92
1571.0, 1645.24, 718.33, 0.32, 18.48
1615.0, 1702.09, 733.14, 0.64, 19.04
1659.0, 1754.51, 747.78, 0.96, 19.6
1701.0, 1813.77, 762.63, 1.28, 20.16
1749.0, 1870.96, 777.46, 1.6, 20.72
1793.0, 1928.44, 792.4, 1.92, 21.28
1835.0, 1986.93, 807.33, 2.24, 21.84
1879.0, 2024.31, 821.88, 2.56, 22.4
136.0, 68.65, 179.68, -10.88, 0
178.0, 109.65, 194.73, -10.56, 0.56
214.0, 148.46, 209.77, -10.24, 1.12
257.0, 189.48, 224.83, -9.92, 1.68
299.0, 231.35, 239.82, -9.6, 2.24
345.0, 273.41, 254.82, -9.28, 2.8
389.0, 316.44, 269.81, -8.96, 3.36
429.0, 359.59, 284.76, -8.64, 3.92
473.0, 403.5, 299.74, -8.32, 4.48
516.0, 448.96, 314.67, -8.0, 5.04
559.0, 495.33, 329.5, -7.68, 5.6
602.0, 540.59, 344.46, -7.36, 6.16
646.0, 585.97, 359.36, -7.04, 6.72
689.0, 629.73, 374.0, -6.72, 7.28
732.0, 676.0, 388.78, -6.4, 7.84
776.0, 722.53, 403.66, -6.08, 8.4
819.0, 769.87, 418.45, -5.76, 8.96
862.0, 816.45, 433.28, -5.44, 9.52
908.0, 861.68, 447.76, -5.12, 10.08
950.0, 910.53, 462.5, -4.8, 10.64
993.0, 959.55, 477.42, -4.48, 11.2
1038.0, 1003.98, 491.89, -4.16, 11.76
1081.0, 1054.94, 506.68, -3.84, 12.32
1124.0, 1107.33, 521.47, -3.52, 12.88
1168.0, 1157.23, 536.33, -3.2, 13.44
1212.0, 1205.62, 550.81, -2.88, 14.0
1256.0, 1258.92, 565.54, -2.56, 14.56
1299.0, 1311.74, 580.44, -2.24, 15.12
1343.0, 1364.24, 595.15, -1.92, 15.68
1386.0, 1414.45, 609.76, -1.6, 16.24
1430.0, 1469.89, 624.49, -1.28, 16.8
1473.0, 1525.07, 639.44, -0.96, 17.36
1517.0, 1579.19, 654.18, -0.64, 17.92
1559.0, 1631.29, 668.8, -0.32, 18.48
1603.0, 1688.5, 683.54, 4.55191440096e-15, 19.04
1648.0, 1745.91, 698.49, 0.32, 19.6
1693.0, 1802.29, 713.39, 0.64, 20.16
1739.0, 1857.66, 728.04, 0.96, 20.72
1782.0, 1916.63, 743.01, 1.28, 21.28
1825.0, 1974.64, 757.94, 1.6, 21.84
1870.0, 2017.32, 772.5, 1.92, 22.4
130.0, 62.86, 129.6, -11.52, 0
173.0, 103.11, 144.71, -11.2, 0.56
213.0, 143.16, 159.82, -10.88, 1.12
252.0, 182.63, 174.83, -10.56, 1.68
295.0, 224.94, 190.07, -10.24, 2.24
339.0, 267.21, 205.12, -9.92, 2.8
381.0, 310.27, 220.12, -9.6, 3.36
424.0, 352.65, 235.12, -9.28, 3.92
469.0, 395.92, 250.05, -8.96, 4.48
513.0, 440.26, 265.04, -8.64, 5.04
553.0, 485.02, 279.88, -8.32, 5.6
598.0, 530.71, 294.78, -8.0, 6.16
641.0, 576.9, 309.67, -7.68, 6.72
680.0, 623.39, 324.62, -7.36, 7.28
724.0, 670.24, 339.47, -7.04, 7.84
768.0, 715.37, 354.34, -6.72, 8.4
812.0, 758.43, 368.9, -6.4, 8.96
857.0, 807.45, 383.7, -6.08, 9.52
899.0, 855.46, 398.48, -5.76, 10.08
942.0, 902.53, 413.37, -5.44, 10.64
987.0, 947.24, 427.88, -5.12, 11.2
1030.0, 997.6, 442.67, -4.8, 11.76
1074.0, 1048.66, 457.46, -4.48, 12.32
1116.0, 1098.45, 472.32, -4.16, 12.88
1161.0, 1146.29, 486.81, -3.84, 13.44
1204.0, 1198.22, 501.54, -3.52, 14.0
1247.0, 1250.34, 516.44, -3.2, 14.56
1292.0, 1300.06, 531.08, -2.88, 15.12
1335.0, 1351.93, 545.64, -2.56, 15.68
1378.0, 1406.83, 560.48, -2.24, 16.24
1422.0, 1458.86, 575.34, -1.92, 16.8
1466.0, 1510.24, 589.83, -1.6, 17.36
1509.0, 1566.0, 604.62, -1.28, 17.92
1552.0, 1622.95, 619.51, -0.96, 18.48
1596.0, 1678.62, 634.4, -0.64, 19.04
1639.0, 1731.91, 649.0, -0.32, 19.6
1681.0, 1789.3, 663.82, 4.55191440096e-15, 20.16
1729.0, 1849.78, 678.68, 0.32, 20.72
1773.0, 1905.2, 693.53, 0.64, 21.28
1815.0, 1962.1, 708.31, 0.96, 21.84
1862.0, 2008.15, 722.98, 1.28, 22.4
124.0, 58.09, 79.28, -12.16, 0
166.0, 99.32, 94.7, -11.84, 0.56
208.0, 137.85, 109.79, -11.52, 1.12
251.0, 177.33, 124.86, -11.2, 1.68
294.0, 219.0, 140.06, -10.88, 2.24
338.0, 262.83, 155.39, -10.56, 2.8
377.0, 302.78, 170.51, -10.24, 3.36
419.0, 345.43, 185.51, -9.92, 3.92
463.0, 389.51, 200.51, -9.6, 4.48
505.0, 434.6, 215.4, -9.28, 5.04
547.0, 480.27, 230.43, -8.96, 5.6
591.0, 526.51, 245.4, -8.64, 6.16
635.0, 571.67, 260.34, -8.32, 6.72
675.0, 616.07, 275.03, -8.0, 7.28
719.0, 660.07, 289.84, -7.68, 7.84
763.0, 707.81, 304.7, -7.36, 8.4
804.0, 754.52, 319.5, -7.04, 8.96
847.0, 801.24, 334.43, -6.72, 9.52
891.0, 847.59, 349.2, -6.4, 10.08
935.0, 893.58, 363.81, -6.08, 10.64
978.0, 942.07, 378.55, -5.76, 11.2
1022.0, 991.47, 393.45, -5.44, 11.76
1066.0, 1038.9, 408.18, -5.12, 12.32
1110.0, 1087.24, 422.79, -4.8, 12.88
1153.0, 1138.81, 437.53, -4.48, 13.44
1196.0, 1189.33, 452.41, -4.16, 14.0
1240.0, 1238.19, 466.96, -3.84, 14.56
1284.0, 1290.93, 481.64, -3.52, 15.12
1328.0, 1344.08, 496.47, -3.2, 15.68
1371.0, 1396.46, 511.32, -2.88, 16.24
1415.0, 1447.15, 525.82, -2.56, 16.8
1457.0, 1501.85, 540.54, -2.24, 17.36
1501.0, 1557.07, 555.45, -1.92, 17.92
1543.0, 1611.81, 570.3, -1.6, 18.48
1589.0, 1664.22, 584.8, -1.28, 19.04
1631.0, 1722.34, 599.61, -0.96, 19.6
1678.0, 1781.47, 614.51, -0.64, 20.16
1720.0, 1836.47, 629.34, -0.32, 20.72
1763.0, 1892.71, 644.03, 4.55191440096e-15, 21.28
1806.0, 1952.05, 658.97, 0.32, 21.84
1851.0, 2001.5, 673.59, 0.64, 22.4
1893.0, 2035.19, 688.26, 0.96, 22.96
2.0, 53.46, 28.87, -12.8, 0
163.0, 93.43, 44.57, -12.48, 0.56
204.0, 134.12, 59.71, -12.16, 1.12
246.0, 172.93, 74.85, -11.84, 1.68
288.0, 213.09, 90.14, -11.52, 2.24
332.0, 255.58, 105.49, -11.2, 2.8
376.0, 297.8, 120.6, -10.88, 3.36
413.0, 339.05, 135.6, -10.56, 3.92
456.0, 381.56, 150.6, -10.24, 4.48
500.0, 425.82, 165.61, -9.92, 5.04
543.0, 472.32, 180.65, -9.6, 5.6
585.0, 517.96, 195.65, -9.28, 6.16
629.0, 563.08, 210.6, -8.96, 6.72
671.0, 610.27, 225.48, -8.64, 7.28
713.0, 656.06, 240.45, -8.32, 7.84
757.0, 702.2, 255.36, -8.0, 8.4
800.0, 746.74, 270.05, -7.68, 8.96
842.0, 792.82, 284.83, -7.36, 9.52
886.0, 839.62, 299.67, -7.04, 10.08
928.0, 887.87, 314.47, -6.72, 10.64
970.0, 936.07, 329.35, -6.4, 11.2
1014.0, 979.81, 343.89, -6.08, 11.76
1058.0, 1030.92, 358.75, -5.76, 12.32
1102.0, 1080.71, 373.47, -5.44, 12.88
1147.0, 1130.97, 388.33, -5.12, 13.44
1188.0, 1178.6, 402.83, -4.8, 14.0
1232.0, 1230.84, 417.55, -4.48, 14.56
1277.0, 1283.11, 432.45, -4.16, 15.12
1320.0, 1334.23, 447.25, -3.84, 15.68
1363.0, 1384.41, 461.8, -3.52, 16.24
1406.0, 1438.73, 476.52, -3.2, 16.8
1450.0, 1493.59, 491.42, -2.88, 17.36
1495.0, 1545.17, 505.99, -2.56, 17.92
1538.0, 1599.68, 520.66, -2.24, 18.48
1581.0, 1655.63, 535.49, -1.92, 19.04
1622.0, 1712.46, 550.38, -1.6, 19.6
1667.0, 1767.54, 565.0, -1.28, 20.16
1713.0, 1826.64, 579.84, -0.96, 20.72
1755.0, 1882.99, 594.58, -0.64, 21.28
1798.0, 1940.4, 609.39, -0.32, 21.84
1841.0, 1992.92, 624.03, 4.55191440096e-15, 22.4
1886.0, 2028.68, 638.48, 0.32, 22.96
196.0, 129.8, 9.6, -12.8, 1.12
240.0, 168.47, 24.8, -12.48, 1.68
284.0, 208.96, 40.06, -12.16, 2.24
329.0, 250.53, 55.33, -11.84, 2.8
372.0, 292.46, 70.59, -11.52, 3.36
412.0, 334.16, 85.69, -11.2, 3.92
452.0, 375.54, 100.69, -10.88, 4.48
494.0, 421.55, 115.77, -10.56, 5.04
536.0, 465.91, 130.78, -10.24, 5.6
580.0, 511.22, 145.8, -9.92, 6.16
622.0, 556.51, 160.76, -9.6, 6.72
665.0, 602.53, 175.77, -9.28, 7.28
708.0, 648.87, 190.7, -8.96, 7.84
752.0, 694.38, 205.67, -8.64, 8.4
794.0, 740.77, 220.49, -8.32, 8.96
836.0, 787.34, 235.44, -8.0, 9.52
880.0, 834.23, 250.32, -7.68, 10.08
923.0, 877.53, 264.9, -7.36, 10.64
966.0, 927.02, 279.76, -7.04, 11.2
1009.0, 975.66, 294.52, -6.72, 11.76
1049.0, 1024.67, 309.43, -6.4, 12.32
1093.0, 1069.82, 324.04, -6.08, 12.88
1137.0, 1121.57, 338.8, -5.76, 13.44
1181.0, 1171.92, 353.53, -5.44, 14.0
1225.0, 1223.17, 368.41, -5.12, 14.56
1268.0, 1272.55, 383.0, -4.8, 15.12
1312.0, 1324.24, 397.75, -4.48, 15.68
1356.0, 1378.27, 412.48, -4.16, 16.24
1399.0, 1430.73, 427.32, -3.84, 16.8
1443.0, 1481.87, 441.85, -3.52, 17.36
1486.0, 1535.89, 456.54, -3.2, 17.92
1529.0, 1591.18, 471.43, -2.88, 18.48
1572.0, 1644.56, 486.01, -2.56, 19.04
1617.0, 1700.56, 500.83, -2.24, 19.6
1660.0, 1758.0, 515.6, -1.92, 20.16
1705.0, 1817.1, 530.46, -1.6, 20.72
1748.0, 1870.61, 545.12, -1.28, 21.28
1791.0, 1929.62, 559.97, -0.96, 21.84
1833.0, 1986.73, 574.58, -0.64, 22.4
1877.0, 2022.89, 589.0, -0.32, 22.96
365.0, 288.75, 20.39, -11.84, 3.92
408.0, 329.53, 35.62, -11.52, 4.48
453.0, 372.27, 50.74, -11.2, 5.04
490.0, 416.39, 65.8, -10.88, 5.6
532.0, 460.09, 80.91, -10.56, 6.16
574.0, 505.02, 95.94, -10.24, 6.72
617.0, 550.81, 110.94, -9.92, 7.28
660.0, 598.27, 126.27, -9.6, 7.84
701.0, 642.44, 141.05, -9.28, 8.4
744.0, 686.36, 155.92, -8.96, 8.96
788.0, 733.17, 170.87, -8.64, 9.52
831.0, 779.77, 185.71, -8.32, 10.08
875.0, 826.09, 200.67, -8.0, 10.64
917.0, 873.68, 215.46, -7.68, 11.2
959.0, 921.87, 230.41, -7.36, 11.76
1002.0, 965.95, 245.04, -7.04, 12.32
1047.0, 1015.51, 259.81, -6.72, 12.88
1089.0, 1065.09, 274.54, -6.4, 13.44
1132.0, 1115.31, 289.44, -6.08, 14.0
1175.0, 1163.76, 304.18, -5.76, 14.56
1216.0, 1213.15, 318.82, -5.44, 15.12
1260.0, 1265.51, 333.55, -5.12, 15.68
1304.0, 1316.76, 348.42, -4.8, 16.24
1348.0, 1366.3, 363.08, -4.48, 16.8
1391.0, 1420.65, 377.81, -4.16, 17.36
1434.0, 1474.47, 392.5, -3.84, 17.92
1478.0, 1527.94, 407.35, -3.52, 18.48
1522.0, 1580.96, 421.98, -3.2, 19.04
1566.0, 1635.92, 436.61, -2.88, 19.6
1609.0, 1692.6, 451.44, -2.56, 20.16
1650.0, 1746.53, 466.2, -2.24, 20.72
1699.0, 1805.97, 481.01, -1.92, 21.28
1740.0, 1864.54, 495.67, -1.6, 21.84
1783.0, 1919.81, 510.43, -1.28, 22.4
1827.0, 1976.89, 525.11, -0.96, 22.96
1871.0, 2017.68, 539.76, -0.64, 23.52
447.0, 373.55, 2.19, -11.52, 5.6
483.0, 411.44, 15.87, -11.2, 6.16
525.0, 455.27, 31.08, -10.88, 6.72
569.0, 500.83, 46.27, -10.56, 7.28
613.0, 547.5, 61.41, -10.24, 7.84
654.0, 592.85, 76.4, -9.92, 8.4
698.0, 637.93, 91.41, -9.6, 8.96
739.0, 683.25, 106.4, -9.28, 9.52
783.0, 728.68, 121.35, -8.96, 10.08
825.0, 772.91, 136.18, -8.64, 10.64
867.0, 817.55, 150.9, -8.32, 11.2
912.0, 866.59, 165.81, -8.0, 11.76
954.0, 913.3, 180.68, -7.68, 12.32
997.0, 961.62, 195.49, -7.36, 12.88
1039.0, 1010.68, 210.43, -7.04, 13.44
1082.0, 1055.95, 225.08, -6.72, 14.0
1126.0, 1104.32, 239.87, -6.4, 14.56
1170.0, 1156.34, 254.68, -6.08, 15.12
1213.0, 1207.5, 269.45, -5.76, 15.68
1255.0, 1257.35, 284.28, -5.44, 16.24
1298.0, 1306.63, 298.81, -5.12, 16.8
1342.0, 1359.56, 313.54, -4.8, 17.36
1384.0, 1413.02, 328.42, -4.48, 17.92
1427.0, 1463.5, 343.06, -4.16, 18.48
1472.0, 1517.93, 357.8, -3.84, 19.04
1515.0, 1572.56, 372.5, -3.52, 19.6
1556.0, 1628.0, 387.34, -3.2, 20.16
1601.0, 1681.96, 401.99, -2.88, 20.72
1646.0, 1739.08, 416.67, -2.56, 21.28
1692.0, 1796.6, 431.49, -2.24, 21.84
1734.0, 1851.79, 446.22, -1.92, 22.4
1775.0, 1909.43, 460.97, -1.6, 22.96
1819.0, 1968.74, 475.62, -1.28, 23.52
1863.0, 2010.62, 490.09, -0.96, 24.08
650.0, 585.9, 26.56, -10.24, 8.96
691.0, 630.75, 41.58, -9.92, 9.52
735.0, 675.79, 56.58, -9.6, 10.08
778.0, 721.99, 71.45, -9.28, 10.64
821.0, 768.3, 86.45, -8.96, 11.2
864.0, 814.8, 101.42, -8.64, 11.76
906.0, 862.1, 116.36, -8.32, 12.32
948.0, 906.67, 131.09, -8.0, 12.88
989.0, 952.85, 145.89, -7.68, 13.44
1034.0, 1002.22, 160.75, -7.36, 14.0
1077.0, 1051.36, 175.54, -7.04, 14.56
1120.0, 1100.56, 190.42, -6.72, 15.12
1163.0, 1147.5, 205.09, -6.4, 15.68
1207.0, 1198.21, 219.82, -6.08, 16.24
1249.0, 1249.01, 234.67, -5.76, 16.8
1293.0, 1300.7, 249.43, -5.44, 17.36
1339.0, 1352.16, 264.2, -5.12, 17.92
1380.0, 1403.93, 278.83, -4.8, 18.48
1423.0, 1457.17, 293.53, -4.48, 19.04
1465.0, 1510.71, 308.4, -4.16, 19.6
1507.0, 1562.31, 323.05, -3.84, 20.16
1551.0, 1617.08, 337.78, -3.52, 20.72
1595.0, 1674.33, 352.49, -3.2, 21.28
1636.0, 1728.29, 367.21, -2.88, 21.84
1683.0, 1787.47, 382.01, -2.56, 22.4
1724.0, 1844.77, 396.61, -2.24, 22.96
1769.0, 1898.74, 411.32, -1.92, 23.52
1811.0, 1957.92, 426.05, -1.6, 24.08
1855.0, 2005.54, 440.79, -1.28, 24.64
1899.0, 2036.58, 454.92, -0.96, 25.2
729.0, 671.06, 6.65, -10.24, 10.08
772.0, 716.18, 21.66, -9.92, 10.64
814.0, 762.06, 36.65, -9.6, 11.2
858.0, 807.68, 51.63, -9.28, 11.76
902.0, 855.28, 66.47, -8.96, 12.32
944.0, 902.4, 81.43, -8.64, 12.88
986.0, 950.17, 96.4, -8.32, 13.44
1028.0, 995.28, 111.09, -8.0, 14.0
1073.0, 1042.79, 125.9, -7.68, 14.56
1115.0, 1093.11, 140.78, -7.36, 15.12
1157.0, 1142.73, 155.52, -7.04, 15.68
1202.0, 1193.48, 170.43, -6.72, 16.24
1244.0, 1241.09, 185.08, -6.4, 16.8
1288.0, 1292.44, 199.81, -6.08, 17.36
1330.0, 1345.24, 214.54, -5.76, 17.92
1373.0, 1397.35, 229.42, -5.44, 18.48
1416.0, 1447.98, 244.06, -5.12, 19.04
1461.0, 1501.25, 258.8, -4.8, 19.6
1504.0, 1555.91, 273.49, -4.48, 20.16
1545.0, 1608.68, 288.22, -4.16, 20.72
1588.0, 1664.46, 302.98, -3.84, 21.28
1634.0, 1722.18, 317.63, -3.52, 21.84
1677.0, 1777.98, 332.38, -3.2, 22.4
1719.0, 1834.34, 347.05, -2.88, 22.96
1761.0, 1889.59, 361.79, -2.56, 23.52
1804.0, 1949.29, 376.45, -2.24, 24.08
1847.0, 1997.59, 391.0, -1.92, 24.64
1891.0, 2032.03, 405.48, -1.6, 25.2
895.0, 848.96, 16.68, -9.28, 12.88
937.0, 895.58, 31.65, -8.96, 13.44
980.0, 943.19, 46.51, -8.64, 14.0
1025.0, 991.62, 61.45, -8.32, 14.56
1067.0, 1040.39, 76.4, -8.0, 15.12
1109.0, 1086.11, 91.08, -7.68, 15.68
1151.0, 1135.24, 105.89, -7.36, 16.24
1195.0, 1186.31, 120.78, -7.04, 16.8
1238.0, 1235.7, 135.49, -6.72, 17.36
1281.0, 1286.84, 150.35, -6.4, 17.92
1326.0, 1337.01, 165.07, -6.08, 18.48
1368.0, 1389.16, 179.8, -5.76, 19.04
1411.0, 1442.15, 194.49, -5.44, 19.6
1452.0, 1494.65, 209.31, -5.12, 20.16
1496.0, 1547.71, 223.98, -4.8, 20.72
1539.0, 1602.06, 238.62, -4.48, 21.28
1584.0, 1656.22, 253.36, -4.16, 21.84
1629.0, 1713.15, 268.05, -3.84, 22.4
1672.0, 1769.34, 282.83, -3.52, 22.96
1712.0, 1824.24, 297.46, -3.2, 23.52
1753.0, 1879.81, 312.11, -2.88, 24.08
1796.0, 1940.27, 327.0, -2.56, 24.64
1839.0, 1993.13, 341.49, -2.24, 25.2
1883.0, 2027.54, 355.84, -1.92, 25.76
1018.0, 985.01, 11.65, -8.64, 15.12
1062.0, 1033.98, 26.51, -8.32, 15.68
1104.0, 1082.51, 41.43, -8.0, 16.24
1148.0, 1131.94, 56.32, -7.68, 16.8
1191.0, 1180.17, 71.07, -7.36, 17.36
1234.0, 1230.6, 85.84, -7.04, 17.92
1276.0, 1280.41, 100.53, -6.72, 18.48
1319.0, 1331.8, 115.42, -6.4, 19.04
1361.0, 1382.0, 130.11, -6.08, 19.6
1404.0, 1434.22, 144.84, -5.76, 20.16
1448.0, 1487.33, 159.54, -5.44, 20.72
1492.0, 1539.75, 174.36, -5.12, 21.28
1534.0, 1593.58, 189.08, -4.8, 21.84
1577.0, 1648.33, 203.8, -4.48, 22.4
1621.0, 1704.73, 218.48, -4.16, 22.96
1665.0, 1759.86, 233.14, -3.84, 23.52
1707.0, 1818.17, 247.99, -3.52, 24.08
1751.0, 1873.14, 262.46, -3.2, 24.64
1792.0, 1929.49, 277.11, -2.88, 25.2
1834.0, 1987.3, 291.94, -2.56, 25.76
1876.0, 2023.02, 306.1, -2.24, 26.32
1143.0, 1126.63, 6.44, -8.0, 17.36
1185.0, 1175.24, 21.35, -7.68, 17.92
1227.0, 1223.87, 36.08, -7.36, 18.48
1269.0, 1274.18, 50.85, -7.04, 19.04
1316.0, 1326.08, 65.67, -6.72, 19.6
1357.0, 1376.88, 80.46, -6.4, 20.16
1401.0, 1426.53, 95.12, -6.08, 20.72
1442.0, 1480.8, 109.98, -5.76, 21.28
1485.0, 1533.99, 124.65, -5.44, 21.84
1527.0, 1587.27, 139.37, -5.12, 22.4
1573.0, 1642.67, 154.12, -4.8, 22.96
1618.0, 1697.4, 168.83, -4.48, 23.52
1661.0, 1751.12, 183.44, -4.16, 24.08
1703.0, 1809.02, 198.14, -3.84, 24.64
1743.0, 1863.82, 212.8, -3.52, 25.2
1785.0, 1921.76, 227.38, -3.2, 25.76
1828.0, 1979.76, 242.1, -2.88, 26.32
1873.0, 2019.23, 256.71, -2.56, 26.88
1308.0, 1320.13, 15.86, -7.04, 20.16
1358.0, 1372.85, 30.67, -6.72, 20.72
1394.0, 1422.88, 45.47, -6.4, 21.28
1445.0, 1475.02, 60.14, -6.08, 21.84
1481.0, 1528.07, 74.98, -5.76, 22.4
1526.0, 1582.58, 89.66, -5.44, 22.96
1570.0, 1635.76, 104.31, -5.12, 23.52
1613.0, 1691.27, 119.05, -4.8, 24.08
1656.0, 1744.14, 133.65, -4.48, 24.64
1696.0, 1799.13, 148.31, -4.16, 25.2
1738.0, 1857.02, 163.03, -3.84, 25.76
1780.0, 1914.96, 177.63, -3.52, 26.32
1823.0, 1972.62, 192.29, -3.2, 26.88
1865.0, 2014.05, 206.78, -2.88, 27.44
1436.0, 1470.46, 10.37, -6.4, 22.4
1480.0, 1521.83, 25.13, -6.08, 22.96
1524.0, 1575.1, 39.83, -5.76, 23.52
1565.0, 1627.72, 54.46, -5.44, 24.08
1606.0, 1683.19, 69.15, -5.12, 24.64
1649.0, 1739.45, 83.99, -4.8, 25.2
1691.0, 1794.09, 98.57, -4.48, 25.76
1733.0, 1848.38, 113.11, -4.16, 26.32
1774.0, 1907.64, 127.97, -3.84, 26.88
1816.0, 1965.73, 142.5, -3.52, 27.44
1861.0, 2009.47, 156.82, -3.2, 28.0
1904.0, 2039.5, 171.0, -2.88, 28.56
1558.0, 1621.45, 4.6, -5.76, 24.64
1602.0, 1676.16, 19.26, -5.44, 25.2
1647.0, 1731.55, 34.02, -5.12, 25.76
1687.0, 1787.32, 48.61, -4.8, 26.32
1728.0, 1840.92, 63.17, -4.48, 26.88
1770.0, 1900.61, 78.0, -4.16, 27.44
1812.0, 1957.89, 92.5, -3.84, 28.0
1858.0, 2004.18, 106.96, -3.52, 28.56
1898.0, 2036.87, 121.0, -3.2, 29.12
1721.0, 1834.92, 13.17, -4.8, 27.44
1765.0, 1893.5, 27.99, -4.48, 28.0
1808.0, 1951.49, 42.49, -4.16, 28.56
1850.0, 1999.83, 56.99, -3.84, 29.12
1895.0, 2035.67, 71.38, -3.52, 29.68
1846.0, 1997.11, 6.9, -4.16, 29.68
1892.0, 2032.91, 21.35, -3.84, 30.24
313.0, 253.74, 1037.27, 0.32, 0.56
359.0, 296.76, 1051.76, 0.64, 1.12
403.0, 340.44, 1066.23, 0.96, 1.68
448.0, 384.81, 1080.76, 1.28, 2.24
497.0, 430.1, 1095.27, 1.6, 2.8
539.0, 476.39, 1109.88, 1.92, 3.36
583.0, 520.6, 1124.28, 2.24, 3.92
627.0, 568.53, 1138.94, 2.56, 4.48
673.0, 614.76, 1153.47, 2.88, 5.04
717.0, 662.45, 1168.12, 3.2, 5.6
760.0, 711.36, 1182.7, 3.52, 6.16
806.0, 756.9, 1197.28, 3.84, 6.72
851.0, 806.95, 1211.99, 4.16, 7.28
897.0, 856.59, 1226.69, 4.48, 7.84
943.0, 904.25, 1241.41, 4.8, 8.4
988.0, 954.47, 1256.14, 5.12, 8.96
1032.0, 1005.01, 1270.78, 5.44, 9.52
1078.0, 1053.77, 1285.49, 5.76, 10.08
1122.0, 1106.01, 1300.43, 6.08, 10.64
1169.0, 1158.38, 1315.19, 6.4, 11.2
1214.0, 1211.19, 1330.13, 6.72, 11.76
1258.0, 1263.71, 1345.03, 7.04, 12.32
1303.0, 1317.45, 1360.0, 7.36, 12.88
1349.0, 1372.12, 1374.82, 7.68, 13.44
1392.0, 1426.92, 1390.01, 8.0, 14.0
1438.0, 1482.72, 1405.07, 8.32, 14.56
1484.0, 1538.89, 1420.13, 8.64, 15.12
1530.0, 1595.71, 1435.39, 8.96, 15.68
1576.0, 1652.79, 1450.47, 9.28, 16.24
1627.0, 1712.4, 1465.68, 9.6, 16.8
1671.0, 1771.25, 1481.14, 9.92, 17.36
1714.0, 1829.92, 1496.47, 10.24, 17.92
1759.0, 1888.54, 1511.68, 10.56, 18.48
1803.0, 1952.49, 1527.46, 10.88, 19.04
1848.0, 1999.53, 1542.65, 11.2, 19.6
1894.0, 2034.85, 1557.53, 11.52, 20.16
279.0, 220.63, 1072.16, 0.64, 0
325.0, 262.49, 1086.62, 0.96, 0.56
370.0, 307.6, 1101.11, 1.28, 1.12
416.0, 351.17, 1115.52, 1.6, 1.68
461.0, 396.46, 1130.11, 1.92, 2.24
507.0, 442.9, 1144.64, 2.24, 2.8
551.0, 487.98, 1159.23, 2.56, 3.36
594.0, 534.68, 1173.71, 2.88, 3.92
638.0, 579.9, 1188.27, 3.2, 4.48
683.0, 628.28, 1202.93, 3.52, 5.04
727.0, 674.91, 1217.46, 3.84, 5.6
774.0, 722.89, 1232.12, 4.16, 6.16
820.0, 772.36, 1246.74, 4.48, 6.72
866.0, 818.58, 1261.29, 4.8, 7.28
910.0, 869.09, 1276.12, 5.12, 7.84
955.0, 919.1, 1290.78, 5.44, 8.4
999.0, 967.19, 1305.47, 5.76, 8.96
1045.0, 1018.69, 1320.38, 6.08, 9.52
1091.0, 1070.13, 1335.13, 6.4, 10.08
1135.0, 1121.89, 1349.96, 6.72, 10.64
1180.0, 1173.72, 1364.75, 7.04, 11.2
1226.0, 1227.25, 1379.66, 7.36, 11.76
1270.0, 1280.72, 1394.62, 7.68, 12.32
1318.0, 1332.23, 1409.48, 8.0, 12.88
1362.0, 1386.69, 1424.48, 8.32, 13.44
1407.0, 1443.29, 1439.61, 8.64, 14.0
1455.0, 1498.74, 1454.71, 8.96, 14.56
1500.0, 1556.33, 1469.88, 9.28, 15.12
1544.0, 1614.09, 1485.17, 9.6, 15.68
1594.0, 1672.2, 1500.46, 9.92, 16.24
1640.0, 1728.37, 1515.54, 10.24, 16.8
1682.0, 1790.37, 1531.15, 10.56, 17.36
1726.0, 1849.17, 1546.49, 10.88, 17.92
1771.0, 1910.52, 1562.07, 11.2, 18.48
1817.0, 1971.71, 1577.53, 11.52, 19.04
1864.0, 2012.52, 1592.89, 11.84, 19.6
290.0, 233.23, 1121.67, 1.28, 0
336.0, 275.76, 1136.11, 1.6, 0.56
383.0, 318.11, 1150.36, 1.92, 1.12
427.0, 364.56, 1165.05, 2.24, 1.68
472.0, 408.42, 1179.49, 2.56, 2.24
517.0, 454.7, 1194.04, 2.88, 2.8
562.0, 499.32, 1208.51, 3.2, 3.36
607.0, 546.75, 1223.13, 3.52, 3.92
652.0, 594.8, 1237.71, 3.84, 4.48
697.0, 639.51, 1252.26, 4.16, 5.04
743.0, 688.6, 1266.94, 4.48, 5.6
787.0, 737.49, 1281.57, 4.8, 6.16
832.0, 784.86, 1296.17, 5.12, 6.72
878.0, 834.93, 1310.84, 5.44, 7.28
924.0, 883.49, 1325.59, 5.76, 7.84
968.0, 931.95, 1340.26, 6.08, 8.4
1012.0, 983.69, 1355.08, 6.4, 8.96
1057.0, 1034.94, 1369.8, 6.72, 9.52
1103.0, 1085.75, 1384.64, 7.04, 10.08
1149.0, 1135.68, 1399.46, 7.36, 10.64
1194.0, 1188.19, 1414.42, 7.68, 11.2
1239.0, 1241.26, 1429.38, 8.0, 11.76
1285.0, 1296.89, 1444.35, 8.32, 12.32
1333.0, 1350.21, 1459.4, 8.64, 12.88
1377.0, 1404.75, 1474.41, 8.96, 13.44
1421.0, 1459.16, 1489.45, 9.28, 14.0
1469.0, 1514.95, 1504.49, 9.6, 14.56
1514.0, 1573.96, 1519.77, 9.92, 15.12
1562.0, 1633.41, 1535.18, 10.24, 15.68
1611.0, 1690.68, 1550.48, 10.56, 16.24
1654.0, 1748.61, 1565.66, 10.88, 16.8
1697.0, 1810.28, 1581.33, 11.2, 17.36
1741.0, 1867.26, 1596.54, 11.52, 17.92
1786.0, 1930.85, 1612.43, 11.84, 18.48
1832.0, 1986.99, 1627.89, 12.16, 19.04
1880.0, 2024.6, 1643.09, 12.48, 19.6
304.0, 243.78, 1171.12, 1.92, 0
347.0, 285.67, 1185.35, 2.24, 0.56
395.0, 332.53, 1200.04, 2.56, 1.12
439.0, 374.93, 1214.34, 2.88, 1.68
485.0, 422.03, 1229.01, 3.2, 2.24
530.0, 465.55, 1243.32, 3.52, 2.8
576.0, 513.1, 1258.04, 3.84, 3.36
620.0, 560.22, 1272.6, 4.16, 3.92
664.0, 606.3, 1287.13, 4.48, 4.48
709.0, 655.32, 1301.75, 4.8, 5.04
754.0, 700.58, 1316.27, 5.12, 5.6
802.0, 750.6, 1331.0, 5.44, 6.16
845.0, 800.11, 1345.7, 5.76, 6.72
890.0, 846.28, 1360.27, 6.08, 7.28
936.0, 898.43, 1375.12, 6.4, 7.84
979.0, 948.55, 1389.8, 6.72, 8.4
1027.0, 998.97, 1404.64, 7.04, 8.96
1072.0, 1048.35, 1419.43, 7.36, 9.52
1117.0, 1100.26, 1434.2, 7.68, 10.08
1162.0, 1152.78, 1449.14, 8.0, 10.64
1210.0, 1205.35, 1464.06, 8.32, 11.2
1254.0, 1258.54, 1479.04, 8.64, 11.76
1300.0, 1312.57, 1494.05, 8.96, 12.32
1347.0, 1367.34, 1509.13, 9.28, 12.88
1390.0, 1422.01, 1524.15, 9.6, 13.44
1435.0, 1478.0, 1539.4, 9.92, 14.0
1482.0, 1533.34, 1554.47, 10.24, 14.56
1528.0, 1592.75, 1569.75, 10.56, 15.12
1578.0, 1651.31, 1585.18, 10.88, 15.68
1624.0, 1709.11, 1600.5, 11.2, 16.24
1668.0, 1768.67, 1616.0, 11.52, 16.8
1711.0, 1827.84, 1631.47, 11.84, 17.36
1758.0, 1889.23, 1647.04, 12.16, 17.92
1802.0, 1950.03, 1662.54, 12.48, 18.48
1849.0, 2000.63, 1678.19, 12.8, 19.04
1897.0, 2035.97, 1693.47, 13.12, 19.6
316.0, 254.9, 1220.5, 2.56, 0
361.0, 299.59, 1235.03, 2.88, 0.56
407.0, 342.71, 1249.33, 3.2, 1.12
454.0, 389.62, 1264.01, 3.52, 1.68
498.0, 432.76, 1278.32, 3.84, 2.24
542.0, 480.55, 1293.0, 4.16, 2.8
587.0, 525.19, 1307.45, 4.48, 3.36
633.0, 573.06, 1322.05, 4.8, 3.92
678.0, 621.33, 1336.68, 5.12, 4.48
723.0, 666.94, 1351.25, 5.44, 5.04
767.0, 716.52, 1365.95, 5.76, 5.6
813.0, 764.83, 1380.58, 6.08, 6.16
859.0, 812.82, 1395.2, 6.4, 6.72
905.0, 863.13, 1409.96, 6.72, 7.28
949.0, 912.6, 1424.65, 7.04, 7.84
994.0, 961.36, 1439.43, 7.36, 8.4
1042.0, 1013.26, 1454.18, 7.68, 8.96
1087.0, 1063.88, 1469.07, 8.0, 9.52
1131.0, 1116.35, 1483.95, 8.32, 10.08
1178.0, 1168.98, 1498.79, 8.64, 10.64
1223.0, 1222.03, 1513.78, 8.96, 11.2
1267.0, 1275.12, 1528.72, 9.28, 11.76
1314.0, 1330.09, 1543.81, 9.6, 12.32
1359.0, 1385.23, 1558.93, 9.92, 12.88
1405.0, 1439.82, 1574.14, 10.24, 13.44
1451.0, 1496.72, 1589.35, 10.56, 14.0
1497.0, 1551.48, 1604.47, 10.88, 14.56
1547.0, 1612.86, 1619.82, 11.2, 15.12
1591.0, 1670.58, 1635.34, 11.52, 15.68
1638.0, 1726.36, 1650.5, 11.84, 16.24
1680.0, 1789.66, 1666.32, 12.16, 16.8
1727.0, 1846.92, 1681.56, 12.48, 17.36
1772.0, 1909.81, 1697.47, 12.8, 17.92
1818.0, 1973.95, 1713.34, 13.12, 18.48
1869.0, 2014.49, 1728.79, 13.44, 19.04
330.0, 267.18, 1270.11, 3.2, 0
374.0, 311.97, 1284.5, 3.52, 0.56
420.0, 357.0, 1299.03, 3.84, 1.12
466.0, 399.93, 1313.32, 4.16, 1.68
511.0, 448.2, 1328.02, 4.48, 2.24
556.0, 491.15, 1342.32, 4.8, 2.8
600.0, 539.73, 1357.04, 5.12, 3.36
645.0, 587.63, 1371.64, 5.44, 3.92
690.0, 632.94, 1386.2, 5.76, 4.48
736.0, 682.71, 1400.76, 6.08, 5.04
782.0, 728.06, 1415.29, 6.4, 5.6
827.0, 779.05, 1430.12, 6.72, 6.16
872.0, 829.59, 1444.81, 7.04, 6.72
919.0, 875.99, 1459.46, 7.36, 7.28
964.0, 925.85, 1474.25, 7.68, 7.84
1008.0, 977.79, 1489.1, 8.0, 8.4
1056.0, 1029.54, 1503.85, 8.32, 8.96
1100.0, 1081.03, 1518.74, 8.64, 9.52
1145.0, 1133.57, 1533.7, 8.96, 10.08
1192.0, 1185.7, 1548.66, 9.28, 10.64
1237.0, 1238.84, 1563.65, 9.6, 11.2
1282.0, 1293.56, 1578.69, 9.92, 11.76
1329.0, 1347.93, 1593.76, 10.24, 12.32
1375.0, 1403.1, 1608.84, 10.56, 12.88
1420.0, 1458.86, 1624.16, 10.88, 13.44
1468.0, 1514.63, 1639.4, 11.2, 14.0
1513.0, 1572.11, 1654.62, 11.52, 14.56
1561.0, 1631.31, 1670.11, 11.84, 15.12
1608.0, 1688.01, 1685.48, 12.16, 15.68
1655.0, 1750.01, 1701.07, 12.48, 16.24
1698.0, 1807.67, 1716.5, 12.8, 16.8
1742.0, 1870.92, 1732.36, 13.12, 17.36
1789.0, 1931.55, 1748.05, 13.44, 17.92
1837.0, 1988.22, 1763.61, 13.76, 18.48
1885.0, 2026.6, 1779.13, 14.08, 19.04
344.0, 279.98, 1319.57, 3.84, 0
390.0, 324.38, 1334.11, 4.16, 0.56
433.0, 370.18, 1348.53, 4.48, 1.12
478.0, 415.28, 1363.07, 4.8, 1.68
523.0, 459.9, 1377.46, 5.12, 2.24
568.0, 506.21, 1392.04, 5.44, 2.8
614.0, 555.03, 1406.67, 5.76, 3.36
659.0, 600.07, 1421.15, 6.08, 3.92
705.0, 649.21, 1435.77, 6.4, 4.48
751.0, 694.21, 1450.28, 6.72, 5.04
797.0, 744.58, 1465.04, 7.04, 5.6
841.0, 794.56, 1479.75, 7.36, 6.16
887.0, 841.83, 1494.44, 7.68, 6.72
934.0, 892.36, 1509.18, 8.0, 7.28
977.0, 942.56, 1523.98, 8.32, 7.84
1023.0, 993.89, 1538.79, 8.64, 8.4
1069.0, 1045.57, 1553.67, 8.96, 8.96
1114.0, 1097.92, 1568.64, 9.28, 9.52
1159.0, 1149.73, 1583.6, 9.6, 10.08
1205.0, 1200.94, 1598.46, 9.92, 10.64
1250.0, 1254.41, 1613.46, 10.24, 11.2
1297.0, 1311.02, 1628.64, 10.56, 11.76
1346.0, 1366.42, 1643.76, 10.88, 12.32
1393.0, 1423.23, 1658.9, 11.2, 12.88
1439.0, 1478.33, 1674.2, 11.52, 13.44
1487.0, 1533.88, 1689.49, 11.84, 14.0
1533.0, 1592.25, 1704.79, 12.16, 14.56
1579.0, 1651.86, 1720.39, 12.48, 15.12
1625.0, 1710.68, 1735.78, 12.8, 15.68
1669.0, 1768.61, 1751.48, 13.12, 16.24
1715.0, 1830.7, 1767.17, 13.44, 16.8
1760.0, 1892.38, 1782.88, 13.76, 17.36
1807.0, 1951.67, 1798.56, 14.08, 17.92
1854.0, 2002.98, 1814.32, 14.4, 18.48
1902.0, 2038.1, 1830.02, 14.72, 19.04
356.0, 291.15, 1369.18, 4.48, 0
400.0, 338.87, 1383.76, 4.8, 0.56
444.0, 381.7, 1398.13, 5.12, 1.12
492.0, 429.27, 1412.7, 5.44, 1.68
537.0, 472.85, 1427.1, 5.76, 2.24
582.0, 520.62, 1441.68, 6.08, 2.8
628.0, 565.52, 1456.24, 6.4, 3.36
674.0, 615.39, 1470.91, 6.72, 3.92
718.0, 659.67, 1485.26, 7.04, 4.48
765.0, 710.44, 1500.04, 7.36, 5.04
810.0, 761.33, 1514.75, 7.68, 5.6
855.0, 806.05, 1529.27, 8.0, 6.16
901.0, 858.72, 1544.17, 8.32, 6.72
946.0, 908.4, 1558.98, 8.64, 7.28
991.0, 959.91, 1573.77, 8.96, 7.84
1036.0, 1010.45, 1588.66, 9.28, 8.4
1083.0, 1061.86, 1603.58, 9.6, 8.96
1127.0, 1113.04, 1618.43, 9.92, 9.52
1174.0, 1166.0, 1633.43, 10.24, 10.08
1221.0, 1219.09, 1648.44, 10.56, 10.64
1266.0, 1274.3, 1663.58, 10.88, 11.2
1313.0, 1329.61, 1678.68, 11.2, 11.76
1365.0, 1386.41, 1693.84, 11.52, 12.32
1410.0, 1441.63, 1709.18, 11.84, 12.88
1456.0, 1496.49, 1724.45, 12.16, 13.44
1503.0, 1555.72, 1739.78, 12.48, 14.0
1548.0, 1611.51, 1755.16, 12.8, 14.56
1593.0, 1671.17, 1770.71, 13.12, 15.12
1641.0, 1731.27, 1786.4, 13.44, 15.68
1685.0, 1791.84, 1801.96, 13.76, 16.24
1730.0, 1851.53, 1817.68, 14.08, 16.8
1779.0, 1912.97, 1833.56, 14.4, 17.36
1824.0, 1975.79, 1849.54, 14.72, 17.92
1874.0, 2017.17, 1865.5, 15.04, 18.48
367.0, 307.33, 1419.03, 5.12, 0
415.0, 349.36, 1433.31, 5.44, 0.56
459.0, 396.62, 1447.94, 5.76, 1.12
508.0, 439.69, 1462.26, 6.08, 1.68
552.0, 487.86, 1476.91, 6.4, 2.24
596.0, 532.81, 1491.26, 6.72, 2.8
643.0, 582.05, 1505.96, 7.04, 3.36
688.0, 629.04, 1520.47, 7.36, 3.92
733.0, 677.15, 1535.14, 7.68, 4.48
779.0, 727.52, 1549.8, 8.0, 5.04
823.0, 776.0, 1564.59, 8.32, 5.6
869.0, 824.77, 1579.2, 8.64, 6.16
915.0, 874.85, 1594.01, 8.96, 6.72
960.0, 925.91, 1608.79, 9.28, 7.28
1005.0, 976.47, 1623.67, 9.6, 7.84
1052.0, 1027.3, 1638.59, 9.92, 8.4
1099.0, 1077.55, 1653.43, 10.24, 8.96
1144.0, 1130.14, 1668.42, 10.56, 9.52
1189.0, 1183.0, 1683.42, 10.88, 10.08
1235.0, 1238.38, 1698.55, 11.2, 10.64
1283.0, 1293.2, 1713.65, 11.52, 11.2
1334.0, 1350.24, 1728.82, 11.84, 11.76
1381.0, 1404.9, 1744.15, 12.16, 12.32
1425.0, 1460.14, 1759.44, 12.48, 12.88
1471.0, 1518.74, 1774.74, 12.8, 13.44
1518.0, 1574.6, 1790.18, 13.12, 14.0
1564.0, 1632.56, 1805.64, 13.44, 14.56
1612.0, 1693.24, 1821.38, 13.76, 15.12
1657.0, 1752.93, 1836.94, 14.08, 15.68
1702.0, 1811.85, 1852.66, 14.4, 16.24
1747.0, 1872.72, 1868.49, 14.72, 16.8
1795.0, 1935.73, 1884.53, 15.04, 17.36
1840.0, 1991.31, 1900.59, 15.36, 17.92
1889.0, 2030.48, 1916.53, 15.68, 18.48
384.0, 320.69, 1468.61, 5.76, 0
428.0, 365.26, 1483.08, 6.08, 0.56
474.0, 409.56, 1497.47, 6.4, 1.12
522.0, 456.01, 1512.05, 6.72, 1.68
565.0, 501.73, 1526.47, 7.04, 2.24
611.0, 548.9, 1541.06, 7.36, 2.8
656.0, 598.32, 1555.75, 7.68, 3.36
700.0, 642.81, 1570.26, 8.0, 3.92
747.0, 693.0, 1584.99, 8.32, 4.48
792.0, 744.27, 1599.73, 8.64, 5.04
837.0, 789.63, 1614.28, 8.96, 5.6
883.0, 841.06, 1629.13, 9.28, 6.16
931.0, 892.43, 1643.88, 9.6, 6.72
976.0, 943.19, 1658.75, 9.92, 7.28
1021.0, 993.36, 1673.64, 10.24, 7.84
1068.0, 1044.49, 1688.58, 10.56, 8.4
1112.0, 1094.83, 1703.43, 10.88, 8.96
1160.0, 1150.01, 1718.55, 11.2, 9.52
1206.0, 1203.26, 1733.6, 11.52, 10.08
1252.0, 1257.51, 1748.67, 11.84, 10.64
1302.0, 1314.06, 1763.83, 12.16, 11.2
1350.0, 1368.5, 1779.16, 12.48, 11.76
1396.0, 1423.54, 1794.46, 12.8, 12.32
1441.0, 1481.67, 1809.75, 13.12, 12.88
1490.0, 1537.48, 1825.2, 13.44, 13.44
1535.0, 1595.46, 1840.67, 13.76, 14.0
1583.0, 1654.94, 1856.37, 14.08, 14.56
1628.0, 1714.86, 1871.96, 14.4, 15.12
1673.0, 1770.38, 1887.53, 14.72, 15.68
1717.0, 1833.16, 1903.49, 15.04, 16.24
1766.0, 1895.92, 1919.51, 15.36, 16.8
1814.0, 1955.34, 1935.67, 15.68, 17.36
1860.0, 2006.23, 1951.8, 16.0, 17.92
398.0, 334.83, 1518.47, 6.4, 0
442.0, 379.92, 1532.99, 6.72, 0.56
488.0, 422.31, 1547.26, 7.04, 1.12
534.0, 470.92, 1561.94, 7.36, 1.68
578.0, 515.49, 1576.3, 7.68, 2.24
625.0, 564.55, 1590.98, 8.0, 2.8
669.0, 612.66, 1605.51, 8.32, 3.36
715.0, 659.47, 1620.07, 8.64, 3.92
761.0, 710.08, 1634.83, 8.96, 4.48
807.0, 758.52, 1649.52, 9.28, 5.04
853.0, 807.16, 1664.21, 9.6, 5.6
900.0, 857.44, 1679.04, 9.92, 6.16
945.0, 908.67, 1693.83, 10.24, 6.72
992.0, 960.73, 1708.77, 10.56, 7.28
1037.0, 1011.43, 1723.69, 10.88, 7.84
1084.0, 1062.18, 1738.63, 11.2, 8.4
1129.0, 1115.49, 1753.65, 11.52, 8.96
1176.0, 1168.82, 1768.67, 11.84, 9.52
1224.0, 1223.34, 1783.75, 12.16, 10.08
1273.0, 1278.17, 1798.88, 12.48, 10.64
1323.0, 1331.7, 1814.2, 12.8, 11.2
1367.0, 1386.22, 1829.46, 13.12, 11.76
1412.0, 1443.83, 1844.79, 13.44, 12.32
1460.0, 1500.3, 1860.22, 13.76, 12.88
1506.0, 1558.8, 1875.72, 14.08, 13.44
1550.0, 1616.22, 1891.39, 14.4, 14.0
1598.0, 1676.61, 1906.99, 14.72, 14.56
1645.0, 1735.85, 1922.74, 15.04, 15.12
1690.0, 1795.87, 1938.61, 15.36, 15.68
1737.0, 1856.46, 1954.56, 15.68, 16.24
1784.0, 1915.41, 1970.67, 16.0, 16.8
1829.0, 1970.22, 1986.91, 16.32, 17.36
1882.0, 2025.29, 2003.8, 16.64, 17.92
410.0, 346.91, 1568.19, 7.04, 0
457.0, 394.74, 1582.65, 7.36, 0.56
503.0, 438.14, 1597.14, 7.68, 1.12
548.0, 486.98, 1611.65, 8.0, 1.68
592.0, 531.19, 1626.21, 8.32, 2.24
639.0, 581.13, 1640.82, 8.64, 2.8
685.0, 628.42, 1655.46, 8.96, 3.36
731.0, 675.76, 1670.05, 9.28, 3.92
777.0, 726.66, 1684.83, 9.6, 4.48
822.0, 773.53, 1699.48, 9.92, 5.04
870.0, 824.18, 1714.23, 10.24, 5.6
916.0, 873.8, 1729.04, 10.56, 6.16
962.0, 926.11, 1743.86, 10.88, 6.72
1007.0, 976.91, 1758.76, 11.2, 7.28
1053.0, 1029.83, 1773.77, 11.52, 7.84
1101.0, 1081.62, 1788.75, 11.84, 8.4
1146.0, 1134.5, 1803.77, 12.16, 8.96
1199.0, 1189.18, 1818.87, 12.48, 9.52
1243.0, 1241.39, 1834.11, 12.8, 10.08
1289.0, 1294.98, 1849.23, 13.12, 10.64
1338.0, 1352.21, 1864.67, 13.44, 11.2
1383.0, 1408.72, 1879.89, 13.76, 11.76
1428.0, 1463.79, 1895.41, 14.08, 12.32
1475.0, 1522.09, 1910.83, 14.4, 12.88
1521.0, 1577.33, 1926.48, 14.72, 13.44
1569.0, 1638.36, 1942.18, 15.04, 14.0
1616.0, 1698.64, 1957.96, 15.36, 14.56
1664.0, 1760.23, 1973.85, 15.68, 15.12
1710.0, 1821.18, 1989.85, 16.0, 15.68
1754.0, 1881.84, 2006.08, 16.32, 16.24
1801.0, 1929.88, 2022.21, 16.64, 16.8
1845.0, 1961.0, 2045.0, 16.96, 17.36
1857.0, 1985.61, 2038.84, 17.28, 17.92
426.0, 362.12, 1618.16, 7.68, 0
471.0, 409.6, 1632.6, 8.0, 0.56
519.0, 454.29, 1647.07, 8.32, 1.12
564.0, 502.57, 1661.61, 8.64, 1.68
609.0, 547.65, 1676.09, 8.96, 2.24
655.0, 597.46, 1690.8, 9.28, 2.8
699.0, 643.54, 1705.41, 9.6, 3.36
746.0, 692.16, 1720.07, 9.92, 3.92
793.0, 743.63, 1734.84, 10.24, 4.48
838.0, 791.76, 1749.53, 10.56, 5.04
885.0, 840.26, 1764.3, 10.88, 5.6
932.0, 890.81, 1779.14, 11.2, 6.16
982.0, 943.77, 1794.06, 11.52, 6.72
1024.0, 994.05, 1808.89, 11.84, 7.28
1070.0, 1046.56, 1823.99, 12.16, 7.84
1121.0, 1099.8, 1839.03, 12.48, 8.4
1167.0, 1152.96, 1854.19, 12.8, 8.96
1215.0, 1205.78, 1869.23, 13.12, 9.52
1259.0, 1259.36, 1884.49, 13.44, 10.08
1305.0, 1316.51, 1899.77, 13.76, 10.64
1353.0, 1371.1, 1915.18, 14.08, 11.2
1400.0, 1428.58, 1930.67, 14.4, 11.76
1447.0, 1484.95, 1946.13, 14.72, 12.32
1494.0, 1542.8, 1961.7, 15.04, 12.88
1540.0, 1600.9, 1977.41, 15.36, 13.44
1585.0, 1661.01, 1993.32, 15.68, 14.0
1635.0, 1721.54, 2009.12, 16.0, 14.56
1679.0, 1782.39, 2025.13, 16.32, 15.12
1725.0, 1842.59, 2041.35, 16.64, 15.68
441.0, 378.01, 1668.12, 8.32, 0
489.0, 425.04, 1682.56, 8.64, 0.56
533.0, 469.86, 1697.07, 8.96, 1.12
579.0, 518.1, 1711.62, 9.28, 1.68
626.0, 563.62, 1726.16, 9.6, 2.24
670.0, 613.29, 1740.94, 9.92, 2.8
716.0, 662.02, 1755.51, 10.24, 3.36
762.0, 708.54, 1770.15, 10.56, 3.92
811.0, 759.09, 1784.98, 10.88, 4.48
856.0, 810.07, 1799.75, 11.2, 5.04
903.0, 860.07, 1814.63, 11.52, 5.6
953.0, 908.41, 1829.32, 11.84, 6.16
998.0, 959.56, 1844.3, 12.16, 6.72
1046.0, 1012.37, 1859.25, 12.48, 7.28
1092.0, 1064.61, 1874.27, 12.8, 7.84
1136.0, 1117.18, 1889.46, 13.12, 8.4
1182.0, 1172.95, 1904.69, 13.44, 8.96
1230.0, 1227.78, 1919.8, 13.76, 9.52
1278.0, 1280.83, 1935.14, 14.08, 10.08
1325.0, 1334.81, 1950.48, 14.4, 10.64
1372.0, 1393.34, 1965.85, 14.72, 11.2
1417.0, 1448.9, 1981.42, 15.04, 11.76
1463.0, 1507.3, 1996.91, 15.36, 12.32
1511.0, 1564.2, 2012.67, 15.68, 12.88
1557.0, 1622.73, 2028.45, 16.0, 13.44
1604.0, 1687.78, 2044.06, 16.32, 14.0
462.0, 393.15, 1718.2, 8.96, 0
504.0, 440.52, 1732.62, 9.28, 0.56
549.0, 484.78, 1747.15, 9.6, 1.12
595.0, 534.84, 1761.8, 9.92, 1.68
640.0, 581.04, 1776.4, 10.24, 2.24
687.0, 629.19, 1791.02, 10.56, 2.8
734.0, 678.33, 1805.63, 10.88, 3.36
780.0, 724.64, 1820.29, 11.2, 3.92
830.0, 777.6, 1835.19, 11.52, 4.48
876.0, 828.15, 1850.04, 11.84, 5.04
925.0, 879.81, 1864.84, 12.16, 5.6
969.0, 930.68, 1879.81, 12.48, 6.16
1013.0, 981.89, 1894.78, 12.8, 6.72
1061.0, 1033.32, 1909.78, 13.12, 7.28
1107.0, 1085.85, 1924.79, 13.44, 7.84
1155.0, 1138.82, 1939.9, 13.76, 8.4
1201.0, 1191.35, 1955.2, 14.08, 8.96
1248.0, 1244.87, 1970.49, 14.4, 9.52
1294.0, 1302.61, 1985.8, 14.72, 10.08
1341.0, 1356.35, 2001.24, 15.04, 10.64
1388.0, 1414.58, 2016.76, 15.36, 11.2
1433.0, 1470.76, 2032.4, 15.68, 11.76
1479.0, 1507.5, 2045.0, 16.0, 12.32
477.0, 409.94, 1768.41, 9.6, 0
520.0, 456.38, 1782.96, 9.92, 0.56
566.0, 503.69, 1797.48, 10.24, 1.12
612.0, 549.68, 1812.03, 10.56, 1.68
657.0, 598.8, 1826.56, 10.88, 2.24
703.0, 645.12, 1841.18, 11.2, 2.8
749.0, 694.87, 1855.99, 11.52, 3.36
798.0, 746.11, 1870.77, 11.84, 3.92
846.0, 795.92, 1885.53, 12.16, 4.48
892.0, 843.88, 1900.32, 12.48, 5.04
940.0, 895.71, 1915.25, 12.8, 5.6
985.0, 946.86, 1930.21, 13.12, 6.16
1033.0, 998.74, 1945.22, 13.44, 6.72
1079.0, 1050.29, 1960.26, 13.76, 7.28
1125.0, 1102.95, 1975.48, 14.08, 7.84
1171.0, 1158.43, 1990.7, 14.4, 8.4
1218.0, 1212.78, 2005.86, 14.72, 8.96
1265.0, 1266.3, 2021.25, 15.04, 9.52
1311.0, 1323.12, 2036.72, 15.36, 10.08
493.0, 427.67, 1818.64, 10.24, 0
541.0, 472.48, 1833.12, 10.56, 0.56
586.0, 523.02, 1847.83, 10.88, 1.12
634.0, 566.07, 1862.21, 11.2, 1.68
679.0, 616.4, 1877.03, 11.52, 2.24
721.0, 664.35, 1891.58, 11.84, 2.8
769.0, 712.12, 1906.32, 12.16, 3.36
817.0, 762.91, 1921.12, 12.48, 3.92
865.0, 813.89, 1936.03, 12.8, 4.48
911.0, 865.66, 1950.87, 13.12, 5.04
956.0, 916.76, 1965.83, 13.44, 5.6
1003.0, 967.89, 1980.82, 13.76, 6.16
1048.0, 1019.75, 1995.86, 14.08, 6.72
1095.0, 1071.7, 2011.02, 14.4, 7.28
1142.0, 1123.71, 2026.21, 14.72, 7.84
1190.0, 1176.77, 2041.49, 15.04, 8.4
512.0, 443.66, 1869.1, 10.88, 0
557.0, 491.0, 1883.57, 11.2, 0.56
601.0, 537.26, 1898.11, 11.52, 1.12
648.0, 587.38, 1912.82, 11.84, 1.68
694.0, 633.27, 1927.44, 12.16, 2.24
742.0, 681.9, 1942.11, 12.48, 2.8
789.0, 733.01, 1956.99, 12.8, 3.36
834.0, 783.71, 1971.8, 13.12, 3.92
881.0, 833.74, 1986.73, 13.44, 4.48
926.0, 884.02, 2001.68, 13.76, 5.04
973.0, 931.17, 2016.34, 14.08, 5.6
1020.0, 986.9, 2031.68, 14.4, 6.16
1059.0, 1023.52, 2044.95, 14.72, 6.72
528.0, 460.7, 1919.55, 11.52, 0
573.0, 507.36, 1934.1, 11.84, 0.56
621.0, 556.28, 1948.65, 12.16, 1.12
666.0, 601.35, 1963.3, 12.48, 1.68
712.0, 651.99, 1978.07, 12.8, 2.24
758.0, 702.73, 1992.81, 13.12, 2.8
803.0, 750.65, 2007.55, 13.44, 3.36
850.0, 798.89, 2022.36, 13.76, 3.92
898.0, 848.98, 2037.32, 14.08, 4.48
545.0, 476.7, 1970.11, 12.16, 0
590.0, 525.87, 1984.89, 12.48, 0.56
636.0, 571.27, 1999.25, 12.8, 1.12
682.0, 621.65, 2014.04, 13.12, 1.68
728.0, 671.39, 2028.8, 13.44, 2.24
775.0, 731.65, 2043.61, 13.76, 2.8
850.0, 798.89, 2022.36, 14.08, 3.36
898.0, 848.98, 2037.32, 14.4, 3.92
561.0, 495.52, 2020.96, 12.8, 0
608.0, 540.32, 2035.35, 13.12, 0.56