%-----------------------------------------------------------------------
% vega_spec function                                          AstroSpec
% Description: Get Vega spectrum from Kurucz (1993) models.
%              Teff = 9550,  log g = 3.95, log z = -0.5e0.
%              V-band magnityde = +0.034 mag (measured from spectrum,
%              assuming 3670 Jy for V=0).
%              Multiplied by 1.006 so that the normalization coincides
%              with Fukugita.
% Output : - Vega spectrum [Wavelength(A), Flux(erg/cm^2/s)]
% Tested : Matlab 7.0
%     By : Eran O. Ofek                   March 2005
%    URL : http://wise-obs.tau.ac.il/~eran/matlab.html
% Example: Spec=vega_spec;
%-----------------------------------------------------------------------


506. 4.23893e-23
512. 7.49001e-23
520. 1.40579e-22
530. 3.04737e-22
540. 6.31091e-22
550. 1.27066e-21
560. 2.49119e-21
570. 4.76252e-21
580. 8.88988e-21
590. 1.62241e-20
600. 2.89795e-20
610. 5.0719e-20
620. 8.7063e-20
630. 1.46717e-19
640. 2.42953e-19
650. 3.95629e-19
658. 5.77714e-19
665. 7.98096e-19
675. 1.25062e-18
685. 1.93199e-18
695. 2.94447e-18
705. 2.441e-19
716. 3.55629e-19
726. 4.94263e-19
735. 6.58909e-19
745. 8.98053e-19
755. 1.21241e-18
765. 1.62183e-18
775. 2.14991e-18
785. 2.82618e-18
795. 3.66236e-18
805. 4.75546e-18
815. 6.11124e-18
825. 7.78692e-18
835. 9.84481e-18
845. 1.23835e-17
855. 1.54622e-17
865. 1.91841e-17
875. 2.36286e-17
885. 2.90047e-17
895. 3.53659e-17
905. 4.27438e-17
915. 9.81528e-15
925. 5.96973e-14
935. 1.00883e-13
945. 1.69438e-13
955. 2.46242e-13
965. 3.24969e-13
975. 2.7983e-13
985. 4.67689e-13
995. 5.20604e-13
1005. 6.56411e-13
1015. 7.45349e-13
1025. 5.00146e-13
1035. 9.59904e-13
1045. 1.18424e-12
1055. 1.35921e-12
1065. 1.48767e-12
1075. 1.7438e-12
1085. 1.95465e-12
1095. 2.11229e-12
1105. 7.01461e-11
1115. 2.123e-10
1125. 2.66613e-10
1135. 2.86889e-10
1145. 2.19737e-10
1155. 1.80918e-10
1165. 1.23143e-10
1175. 4.6963e-11
1185. 1.54597e-11
1195. 6.74402e-12
1205. 5.6308e-12
1215. 1.61557e-12
1225. 6.16625e-12
1235. 1.2582e-11
1245. 3.49815e-11
1255. 1.76897e-10
1265. 3.29712e-10
1275. 1.18616e-09
1285. 2.18646e-09
1295. 2.73588e-09
1305. 2.17414e-09
1315. 3.66302e-09
1325. 4.24785e-09
1335. 4.18484e-09
1345. 5.29821e-09
1355. 5.0483e-09
1365. 4.70074e-09
1375. 5.35616e-09
1385. 5.32585e-09
1395. 5.86672e-09
1405. 5.87437e-09
1415. 5.39204e-09
1425. 5.85464e-09
1435. 5.33287e-09
1442. 6.00038e-09
1447. 6.55663e-09
1455. 6.5427e-09
1465. 5.87096e-09
1475. 5.72285e-09
1485. 6.07328e-09
1495. 6.4882e-09
1505. 6.65245e-09
1512. 6.11341e-09
1517. 6.55654e-09
1525. 5.80696e-09
1535. 5.2838e-09
1545. 6.36633e-09
1555. 5.80731e-09
1565. 5.33516e-09
1575. 5.94753e-09
1585. 6.33578e-09
1595. 6.77249e-09
1605. 6.34918e-09
1615. 6.22139e-09
1625. 5.61057e-09
1635. 6.02359e-09
1645. 6.29352e-09
1655. 5.04056e-09
1665. 6.20606e-09
1672. 4.63879e-09
1677. 5.8225e-09
1685. 6.39869e-09
1695. 5.8559e-09
1705. 5.6623e-09
1715. 5.75406e-09
1725. 5.65645e-09
1735. 5.96127e-09
1745. 5.78935e-09
1755. 6.27452e-09
1765. 5.43017e-09
1775. 6.00552e-09
1785. 5.92835e-09
1795. 6.40263e-09
1805. 6.15802e-09
1815. 6.04271e-09
1825. 5.82658e-09
1835. 5.67122e-09
1845. 5.23523e-09
1855. 5.50398e-09
1865. 5.53088e-09
1875. 5.71842e-09
1885. 5.67989e-09
1895. 5.65435e-09
1905. 5.39698e-09
1915. 5.585e-09
1925. 5.61616e-09
1935. 5.42797e-09
1945. 5.7359e-09
1955. 5.65594e-09
1967. 5.77612e-09
1976. 5.64837e-09
1984. 5.52059e-09
1995. 5.36102e-09
2005. 5.26558e-09
2015. 5.11748e-09
2025. 5.05647e-09
2035. 5.20352e-09
2045. 5.36506e-09
2055. 5.15588e-09
2065. 5.07363e-09
2074. 5.27611e-09
2078. 5.37529e-09
2085. 5.31923e-09
2095. 5.12779e-09
2105. 4.99886e-09
2115. 5.00209e-09
2125. 5.05986e-09
2135. 4.44996e-09
2145. 4.87228e-09
2155. 4.88373e-09
2165. 4.65554e-09
2175. 4.59591e-09
2185. 4.60733e-09
2195. 4.86906e-09
2205. 4.66219e-09
2215. 4.33766e-09
2225. 4.2794e-09
2235. 4.69468e-09
2245. 4.27781e-09
2255. 4.2018e-09
2265. 4.17799e-09
2275. 4.41276e-09
2285. 4.52981e-09
2295. 4.26036e-09
2305. 4.24324e-09
2315. 4.12229e-09
2325. 3.44696e-09
2335. 3.96994e-09
2345. 3.66074e-09
2355. 4.09025e-09
2365. 3.68753e-09
2375. 3.8868e-09
2385. 3.44749e-09
2395. 3.74764e-09
2405. 3.58568e-09
2415. 3.6547e-09
2425. 3.86029e-09
2435. 3.68105e-09
2445. 3.91659e-09
2455. 3.765e-09
2465. 3.75382e-09
2475. 3.59867e-09
2485. 3.76988e-09
2495. 3.64854e-09
2505. 3.9816e-09
2513. 3.63484e-09
2518. 3.65467e-09
2525. 3.44375e-09
2535. 3.391e-09
2545. 3.40376e-09
2555. 3.64037e-09
2565. 3.62208e-09
2575. 3.83e-09
2585. 3.82797e-09
2595. 3.76593e-09
2605. 3.62022e-09
2615. 3.59189e-09
2625. 3.7718e-09
2635. 3.76464e-09
2645. 4.09315e-09
2655. 4.03994e-09
2665. 3.80863e-09
2675. 3.91544e-09
2685. 3.92169e-09
2695. 3.75356e-09
2705. 3.81198e-09
2715. 3.65684e-09
2725. 3.66882e-09
2735. 3.88531e-09
2745. 3.4176e-09
2755. 3.45098e-09
2765. 3.58227e-09
2775. 3.73212e-09
2785. 3.62747e-09
2795. 2.58771e-09
2805. 2.90717e-09
2815. 3.77364e-09
2825. 3.80228e-09
2835. 3.6924e-09
2845. 3.58455e-09
2855. 3.51605e-09
2865. 3.66752e-09
2875. 3.58751e-09
2885. 3.65399e-09
2895. 3.56627e-09
2910. 3.81055e-09
2930. 3.682e-09
2950. 3.66343e-09
2970. 3.6651e-09
2990. 3.67642e-09
3010. 3.7163e-09
3030. 3.67819e-09
3050. 3.65168e-09
3070. 3.60976e-09
3090. 3.63314e-09
3110. 3.56558e-09
3130. 3.54882e-09
3150. 3.55552e-09
3170. 3.52559e-09
3190. 3.4196e-09
3210. 3.46965e-09
3230. 3.41212e-09
3250. 3.42321e-09
3270. 3.43289e-09
3290. 3.43314e-09
3310. 3.43012e-09
3330. 3.3784e-09
3350. 3.3304e-09
3370. 3.32694e-09
3390. 3.2876e-09
3410. 3.31613e-09
3430. 3.29422e-09
3450. 3.27458e-09
3470. 3.23772e-09
3490. 3.22223e-09
3510. 3.23044e-09
3530. 3.22273e-09
3550. 3.2088e-09
3570. 3.16573e-09
3590. 3.14813e-09
3610. 3.12856e-09
3630. 3.11585e-09
3640. 3.10392e-09
3650. 3.14522e-09
3670. 3.02991e-09
3690. 2.78429e-09
3710. 3.11839e-09
3730. 3.26468e-09
3750. 4.14616e-09
3770. 4.35154e-09
3790. 5.44669e-09
3810. 6.46438e-09
3830. 5.04423e-09
3850. 7.1866e-09
3870. 8.21656e-09
3890. 4.32084e-09
3910. 8.16046e-09
3930. 8.11123e-09
3950. 8.08482e-09
3970. 4.10563e-09
3990. 7.69537e-09
4010. 8.63346e-09
4030. 8.61846e-09
4050. 8.50204e-09
4070. 8.05621e-09
4090. 6.07206e-09
4110. 4.56017e-09
4130. 7.57283e-09
4150. 7.93443e-09
4170. 7.88212e-09
4190. 7.78917e-09
4210. 7.69098e-09
4230. 7.5435e-09
4250. 7.45568e-09
4270. 7.29889e-09
4290. 7.20598e-09
4310. 6.76572e-09
4330. 4.91244e-09
4350. 4.15143e-09
4370. 6.51633e-09
4390. 6.685e-09
4410. 6.67268e-09
4430. 6.62844e-09
4450. 6.59271e-09
4470. 6.50361e-09
4490. 6.35858e-09
4510. 6.32552e-09
4530. 6.24023e-09
4550. 6.10603e-09
4570. 6.10355e-09
4590. 6.00365e-09
4610. 5.98366e-09
4630. 5.86249e-09
4650. 5.83171e-09
4670. 5.7546e-09
4690. 5.64703e-09
4710. 5.49109e-09
4730. 5.53589e-09
4750. 5.46458e-09
4770. 5.38794e-09
4790. 5.30375e-09
4810. 5.18057e-09
4830. 4.91731e-09
4850. 3.72408e-09
4870. 2.99636e-09
4890. 4.61804e-09
4910. 4.85735e-09
4930. 4.82861e-09
4950. 4.81905e-09
4970. 4.78473e-09
4990. 4.72314e-09
5010. 4.63266e-09
5030. 4.61362e-09
5050. 4.53948e-09
5070. 4.51567e-09
5090. 4.46386e-09
5110. 4.411e-09
5130. 4.35864e-09
5150. 4.30163e-09
5170. 4.20917e-09
5190. 4.16969e-09
5210. 4.15704e-09
5230. 4.08795e-09
5250. 4.0697e-09
5270. 3.98822e-09
5290. 3.97786e-09
5310. 3.91547e-09
5330. 3.87435e-09
5350. 3.84898e-09
5370. 3.79835e-09
5390. 3.75989e-09
5410. 3.71029e-09
5430. 3.67485e-09
5450. 3.64006e-09
5470. 3.60047e-09
5490. 3.56278e-09
5510. 3.52475e-09
5530. 3.4824e-09
5550. 3.44984e-09
5570. 3.41043e-09
5590. 3.37595e-09
5610. 3.34142e-09
5630. 3.30603e-09
5650. 3.26988e-09
5670. 3.23444e-09
5690. 3.20183e-09
5710. 3.16822e-09
5730. 3.1363e-09
5750. 3.10195e-09
5770. 3.07028e-09
5790. 3.03742e-09
5810. 3.00647e-09
5830. 2.97567e-09
5850. 2.94508e-09
5870. 2.91108e-09
5890. 2.8695e-09
5910. 2.85478e-09
5930. 2.82609e-09
5950. 2.79526e-09
5970. 2.76808e-09
5990. 2.73733e-09
6010. 2.71117e-09
6030. 2.68529e-09
6050. 2.65809e-09
6070. 2.63228e-09
6090. 2.60579e-09
6110. 2.57965e-09
6130. 2.55305e-09
6150. 2.51488e-09
6170. 2.50257e-09
6190. 2.47965e-09
6210. 2.45526e-09
6230. 2.43052e-09
6250. 2.39837e-09
6270. 2.38448e-09
6290. 2.36134e-09
6310. 2.33644e-09
6330. 2.31522e-09
6350. 2.27736e-09
6370. 2.2607e-09
6390. 2.24836e-09
6410. 2.22476e-09
6430. 2.20387e-09
6450. 2.17331e-09
6470. 2.15578e-09
6490. 2.12638e-09
6510. 2.09122e-09
6530. 2.0165e-09
6550. 1.72562e-09
6561.2476 1.39095e-09
6590. 1.89348e-09
6610. 1.98251e-09
6630. 1.98925e-09
6650. 1.9795e-09
6670. 1.96472e-09
6690. 1.95062e-09
6710. 1.9345e-09
6730. 1.91562e-09
6750. 1.89906e-09
6770. 1.8826e-09
6790. 1.86533e-09
6810. 1.84839e-09
6830. 1.83115e-09
6850. 1.81479e-09
6870. 1.79874e-09
6890. 1.78269e-09
6910. 1.76665e-09
6930. 1.75062e-09
6950. 1.73504e-09
6970. 1.71951e-09
6990. 1.70466e-09
7010. 1.6877e-09
7030. 1.67395e-09
7050. 1.65929e-09
7070. 1.64505e-09
7090. 1.63095e-09
7110. 1.61044e-09
7130. 1.60133e-09
7150. 1.58749e-09
7170. 1.57424e-09
7190. 1.56052e-09
7210. 1.54719e-09
7230. 1.53336e-09
7250. 1.5198e-09
7270. 1.50765e-09
7290. 1.49424e-09
7310. 1.4813e-09
7330. 1.46919e-09
7350. 1.45692e-09
7370. 1.44464e-09
7390. 1.43207e-09
7410. 1.41692e-09
7430. 1.40596e-09
7450. 1.3949e-09
7470. 1.38122e-09
7490. 1.37129e-09
7510. 1.36065e-09
7530. 1.34989e-09
7550. 1.33906e-09
7570. 1.32779e-09
7590. 1.31687e-09
7610. 1.30605e-09
7630. 1.29516e-09
7650. 1.28424e-09
7670. 1.27338e-09
7690. 1.26333e-09
7710. 1.25226e-09
7730. 1.24302e-09
7750. 1.2328e-09
7770. 1.20285e-09
7790. 1.21302e-09
7810. 1.20322e-09
7830. 1.19311e-09
7850. 1.18279e-09
7870. 1.17092e-09
7890. 1.16029e-09
7910. 1.15458e-09
7930. 1.14595e-09
7950. 1.13455e-09
7970. 1.1283e-09
7990. 1.11287e-09
8010. 1.11048e-09
8030. 1.1017e-09
8050. 1.09306e-09
8070. 1.08439e-09
8090. 1.07593e-09
8110. 1.06751e-09
8130. 1.05919e-09
8150. 1.05094e-09
8170. 1.04276e-09
8190. 1.03356e-09
8210. 1.03063e-09
8230. 1.02319e-09
8250. 1.01605e-09
8270. 1.01021e-09
8290. 1.00232e-09
8310. 9.93708e-10
8330. 9.80506e-10
8350. 9.67352e-10
8370. 9.5529e-10
8390. 9.36256e-10
8410. 9.18894e-10
8430. 9.07333e-10
8450. 9.02448e-10
8470. 8.69405e-10
8490. 9.03754e-10
8510. 8.44695e-10
8530. 9.13917e-10
8550. 7.9739e-10
8570. 9.36609e-10
8590. 8.40646e-10
8610. 8.18566e-10
8630. 9.53768e-10
8650. 8.87222e-10
8670. 7.28561e-10
8690. 9.15921e-10
8710. 9.63207e-10
8730. 9.02034e-10
8750. 7.00657e-10
8770. 8.48379e-10
8790. 9.43402e-10
8810. 9.54145e-10
8830. 9.22463e-10
8850. 8.01018e-10
8870. 6.74807e-10
8890. 8.64482e-10
8910. 9.17359e-10
8930. 9.25093e-10
8950. 9.21729e-10
8970. 9.01578e-10
8990. 8.44014e-10
9010. 6.59901e-10
9030. 7.22425e-10
9050. 8.46836e-10
9070. 8.71135e-10
9090. 8.70505e-10
9110. 8.74479e-10
9130. 8.70878e-10
9150. 8.62706e-10
9170. 8.49376e-10
9190. 8.226e-10
9210. 7.48052e-10
9230. 5.78398e-10
9250. 7.17074e-10
9270. 7.86683e-10
9290. 8.12096e-10
9310. 8.14002e-10
9330. 8.11031e-10
9350. 8.06594e-10
9370. 8.01326e-10
9390. 7.9457e-10
9410. 7.84319e-10
9430. 7.82907e-10
9450. 7.7587e-10
9470. 7.6707e-10
9490. 7.5396e-10
9510. 7.26784e-10
9530. 6.50479e-10
9550. 5.21782e-10
9570. 6.57886e-10
9590. 7.1186e-10
9610. 7.23493e-10
9630. 7.22221e-10
9650. 7.2283e-10
9670. 7.16284e-10
9690. 7.14486e-10
9710. 7.11095e-10
9730. 7.06206e-10
9750. 7.01077e-10
9770. 6.9638e-10
9790. 6.91469e-10
9810. 6.86543e-10
9830. 6.81554e-10
9850. 6.76527e-10
9870. 6.7185e-10
9890. 6.65057e-10
9910. 6.6103e-10
9930. 6.55426e-10
9950. 6.49909e-10
9970. 6.43007e-10
9990. 6.32867e-10
10025. 5.6472e-10
10075. 5.3604e-10
10125. 6.05052e-10
10175. 6.02631e-10
10225. 5.94675e-10
10275. 5.84833e-10
10325. 5.74954e-10
10375. 5.65435e-10
10425. 5.56093e-10
10475. 5.45893e-10
10525. 5.37161e-10
10575. 5.28759e-10
10625. 5.20302e-10
10675. 5.07652e-10
10725. 5.01494e-10
10775. 4.94126e-10
10825. 4.84496e-10
10875. 4.69195e-10
10925. 3.90777e-10
10975. 4.27256e-10
11025. 4.52282e-10
11075. 4.48881e-10
11125. 4.43101e-10
11175. 4.36442e-10
11225. 4.29753e-10
11275. 4.19953e-10
11325. 4.13805e-10
11375. 4.09902e-10
11425. 4.03465e-10
11475. 3.9777e-10
11525. 3.91821e-10
11575. 3.85836e-10
11625. 3.79049e-10
11675. 3.7238e-10
11725. 3.68765e-10
11775. 3.60363e-10
11825. 3.56849e-10
11875. 3.51122e-10
11925. 3.47471e-10
11975. 3.41448e-10
12025. 3.37227e-10
12075. 3.31979e-10
12125. 3.27337e-10
12175. 3.22807e-10
12225. 3.18103e-10
12275. 3.13355e-10
12325. 3.08953e-10
12375. 3.04659e-10
12425. 3.00484e-10
12475. 2.9582e-10
12525. 2.91989e-10
12575. 2.87239e-10
12625. 2.83324e-10
12675. 2.78963e-10
12725. 2.73452e-10
12775. 2.60036e-10
12825. 2.22584e-10
12875. 2.55827e-10
12925. 2.59192e-10
12975. 2.56876e-10
13025. 2.541e-10
13075. 2.50697e-10
13125. 2.47297e-10
13175. 2.43629e-10
13225. 2.40711e-10
13275. 2.37508e-10
13325. 2.34347e-10
13375. 2.31226e-10
13425. 2.28158e-10
13475. 2.2509e-10
13525. 2.2201e-10
13575. 2.19148e-10
13625. 2.1636e-10
13675. 2.13468e-10
13725. 2.10362e-10
13775. 2.08041e-10
13825. 2.05354e-10
13875. 2.02785e-10
13925. 2.00066e-10
13975. 1.97598e-10
14025. 1.95099e-10
14075. 1.92632e-10
14125. 1.9017e-10
14175. 1.87785e-10
14225. 1.85418e-10
14275. 1.8309e-10
14325. 1.80802e-10
14375. 1.78576e-10
14425. 1.75412e-10
14475. 1.74157e-10
14525. 1.71495e-10
14570. 1.70092e-10
14620. 1.68202e-10
14675. 1.66122e-10
14725. 1.64136e-10
14775. 1.61967e-10
14825. 1.602e-10
14875. 1.58047e-10
14925. 1.56376e-10
14975. 1.54133e-10
15025. 1.5198e-10
15075. 1.49727e-10
15125. 1.47666e-10
15175. 1.45301e-10
15225. 1.4336e-10
15275. 1.41129e-10
15325. 1.38983e-10
15375. 1.384e-10
15425. 1.34538e-10
15475. 1.35306e-10
15525. 1.33506e-10
15575. 1.28233e-10
15625. 1.33862e-10
15675. 1.27284e-10
15725. 1.23298e-10
15775. 1.3038e-10
15825. 1.27993e-10
15875. 1.15285e-10
15925. 1.22426e-10
15975. 1.26673e-10
16050. 1.21122e-10
16150. 1.13175e-10
16250. 1.19526e-10
16350. 1.12568e-10
16450. 1.05473e-10
16550. 1.12061e-10
16650. 1.09774e-10
16750. 1.02789e-10
16850. 9.62276e-11
16950. 1.02645e-10
17050. 1.00852e-10
17150. 9.86841e-11
17250. 9.56476e-11
17350. 8.4387e-11
17450. 9.03441e-11
17550. 9.04132e-11
17650. 8.87855e-11
17750. 8.70238e-11
17850. 8.51997e-11
17950. 8.33887e-11
18050. 8.09315e-11
18150. 7.22185e-11
18250. 7.56597e-11
18350. 7.65826e-11
18450. 7.52277e-11
18550. 7.36026e-11
18650. 7.14516e-11
18750. 6.35988e-11
18850. 6.83692e-11
18950. 6.79584e-11
19050. 6.68826e-11
19150. 6.55809e-11
19250. 6.4118e-11
19350. 6.20588e-11
19450. 5.53382e-11
19550. 5.97193e-11
19650. 5.94174e-11
19750. 5.8416e-11
19850. 5.73444e-11
19950. 5.62752e-11
20050. 5.52326e-11
20150. 5.42126e-11
20250. 5.32129e-11
20350. 5.22364e-11
20450. 5.12894e-11
20550. 5.03583e-11
20650. 4.94406e-11
20750. 4.85563e-11
20850. 4.7691e-11
20950. 4.68394e-11
21050. 4.6005e-11
21150. 4.51647e-11
21250. 4.4369e-11
21350. 4.35991e-11
21450. 4.27432e-11
21550. 4.15434e-11
21650. 3.73534e-11
21750. 3.97966e-11
21850. 3.98385e-11
21950. 3.93059e-11
22050. 3.86342e-11
22150. 3.79648e-11
22250. 3.73468e-11
22350. 3.67209e-11
22450. 3.61084e-11
22550. 3.5502e-11
22650. 3.49201e-11
22750. 3.43438e-11
22850. 3.38011e-11
22950. 3.32531e-11
23050. 3.27195e-11
23150. 3.21935e-11
23250. 3.16797e-11
23350. 3.11721e-11
23450. 3.06746e-11
23550. 3.01789e-11
23650. 2.96875e-11
23750. 2.91887e-11
23850. 2.87058e-11
23950. 2.8223e-11
24050. 2.77546e-11
24150. 2.72796e-11
24250. 2.68335e-11
24350. 2.64078e-11
24450. 2.59332e-11
24550. 2.56205e-11
24650. 2.5114e-11
24750. 2.47651e-11
24850. 2.45734e-11
24950. 2.3719e-11
25050. 2.42232e-11
25150. 2.36179e-11
25250. 2.24983e-11
25350. 2.27759e-11
25450. 2.26818e-11
25550. 2.2079e-11
25650. 2.09738e-11
25750. 2.15284e-11
25850. 2.14247e-11
25950. 2.10714e-11
26050. 2.03026e-11
26150. 1.92441e-11
26250. 1.8311e-11
26350. 1.94969e-11
26450. 1.96116e-11
26550. 1.93496e-11
26650. 1.88095e-11
26750. 1.75237e-11
26850. 1.82845e-11
26950. 1.83141e-11
27050. 1.81171e-11
27150. 1.78923e-11
27250. 1.76293e-11
27350. 1.73356e-11
27450. 1.69452e-11
27550. 1.5716e-11
27650. 1.60424e-11
27750. 1.63423e-11
27850. 1.62057e-11
27950. 1.60135e-11
28050. 1.5796e-11
28150. 1.55824e-11
28250. 1.53718e-11
28350. 1.5166e-11
28450. 1.49348e-11
28550. 1.46694e-11
28650. 1.41128e-11
28750. 1.32096e-11
28850. 1.39728e-11
28950. 1.3941e-11
29050. 1.38113e-11
29150. 1.36264e-11
29250. 1.34551e-11
29350. 1.32808e-11
29450. 1.31089e-11
29550. 1.29397e-11
29650. 1.27731e-11
29750. 1.26093e-11
29850. 1.24481e-11
29950. 1.22888e-11
30050. 1.21309e-11
30150. 1.1941e-11
30250. 1.16991e-11
30350. 1.08899e-11
30450. 1.09801e-11
30550. 1.12937e-11
30650. 1.12224e-11
30750. 1.11064e-11
30850. 1.09658e-11
30950. 1.08337e-11
31050. 1.07001e-11
31150. 1.05678e-11
31250. 1.04379e-11
31350. 1.03126e-11
31450. 1.01853e-11
31550. 1.00644e-11
31650. 9.94321e-12
31750. 9.82214e-12
31850. 9.70542e-12
31950. 9.58904e-12
32100. 9.41786e-12
32300. 9.19595e-12
32500. 8.98011e-12
32700. 8.74258e-12
32900. 8.1061e-12
33100. 8.20231e-12
33300. 8.14686e-12
33500. 7.97185e-12
33700. 7.79169e-12
33900. 7.6189e-12
34100. 7.45043e-12
34300. 7.28576e-12
34500. 7.12519e-12
34700. 6.96802e-12
34900. 6.81437e-12
35100. 6.66394e-12
35300. 6.51875e-12
35500. 6.37641e-12
35700. 6.23442e-12
35900. 6.10746e-12
36100. 5.96464e-12
36300. 5.8536e-12
36500. 5.70672e-12
36700. 5.62156e-12
36900. 5.45124e-12
37100. 5.37908e-12
37300. 5.14003e-12
37500. 4.95243e-12
37700. 5.06309e-12
37900. 4.9794e-12
38100. 4.81215e-12
38300. 4.72566e-12
38500. 4.69309e-12
38700. 4.60216e-12
38900. 4.4804e-12
39100. 4.30254e-12
39300. 4.32411e-12
39500. 4.26167e-12
39700. 4.18036e-12
39900. 4.09852e-12
40100. 3.93445e-12
40300. 3.8349e-12
40500. 3.68056e-12
40700. 3.76787e-12
40900. 3.72166e-12
41100. 3.65451e-12
41300. 3.58322e-12
41500. 3.49327e-12
41700. 3.31162e-12
41900. 3.36209e-12
42100. 3.32636e-12
42300. 3.2682e-12
42500. 3.2089e-12
42700. 3.15095e-12
42900. 3.0942e-12
43100. 3.03886e-12
43300. 2.98442e-12
43500. 2.91863e-12
43700. 2.76517e-12
43900. 2.77934e-12
44100. 2.7747e-12
44300. 2.73118e-12
44500. 2.68368e-12
44700. 2.6485e-12
44900. 2.60272e-12
45100. 2.55822e-12
45300. 2.5144e-12
45500. 2.47171e-12
45700. 2.42967e-12
45900. 2.3886e-12
46100. 2.34527e-12
46300. 2.29202e-12
46500. 2.14715e-12
46700. 2.11234e-12
46900. 2.16636e-12
47100. 2.15503e-12
47300. 2.12482e-12
47500. 2.09001e-12
47700. 2.05614e-12
47900. 2.02295e-12
48100. 1.99035e-12
48300. 1.95843e-12
48500. 1.92706e-12
48700. 1.89643e-12
48900. 1.86634e-12
49100. 1.83678e-12
49300. 1.80792e-12
49500. 1.77957e-12
49700. 1.7518e-12
49900. 1.72452e-12
50100. 1.6978e-12
50300. 1.67164e-12
50500. 1.64593e-12
50700. 1.62067e-12
50900. 1.59338e-12
51100. 1.55364e-12
51300. 1.46774e-12
51500. 1.51162e-12
51700. 1.5003e-12
51900. 1.47921e-12
52100. 1.45709e-12
52300. 1.43545e-12
52500. 1.41425e-12
52700. 1.39334e-12
52900. 1.37287e-12
53100. 1.35284e-12
53300. 1.33307e-12
53500. 1.31372e-12
53700. 1.29463e-12
53900. 1.27602e-12
54100. 1.25765e-12
54300. 1.2396e-12
54500. 1.22193e-12
54700. 1.2045e-12
54900. 1.18744e-12
55100. 1.17067e-12
55300. 1.15419e-12
55500. 1.13799e-12
55700. 1.12208e-12
55900. 1.10643e-12
56100. 1.09113e-12
56300. 1.07602e-12
56500. 1.06117e-12
56700. 1.04665e-12
56900. 1.03231e-12
57100. 1.01821e-12
57300. 1.00436e-12
57500. 9.90749e-13
57700. 9.7737e-13
57900. 9.64223e-13
58100. 9.51304e-13
58300. 9.38539e-13
58500. 9.28063e-13
58700. 9.13599e-13
58900. 8.91894e-13
59100. 8.45054e-13
59300. 8.72049e-13
59500. 8.6713e-13
59700. 8.57092e-13
59900. 8.45918e-13
60100. 8.34939e-13
60300. 8.24152e-13
60500. 8.13489e-13
60700. 8.03013e-13
60900. 7.9272e-13
61100. 7.82608e-13
61300. 7.7261e-13
61500. 7.62789e-13
61700. 7.5314e-13
61900. 7.43661e-13
62100. 7.34288e-13
62300. 7.25082e-13
62500. 7.16038e-13
62700. 7.07094e-13
62900. 6.9831e-13
63100. 6.89682e-13
63300. 6.81148e-13
63500. 6.72767e-13
63700. 6.64536e-13
63900. 6.56394e-13
64200. 6.44433e-13
64600. 6.28899e-13
65000. 6.13809e-13
65400. 5.99205e-13
65800. 5.85019e-13
66200. 5.71239e-13
66600. 5.57906e-13
67000. 5.44902e-13
67400. 5.32324e-13
67800. 5.20054e-13
68200. 5.08187e-13
68600. 4.9662e-13
69000. 4.85396e-13
69400. 4.74486e-13
69800. 4.63884e-13
70200. 4.53575e-13
70600. 4.43544e-13
71000. 4.33804e-13
71400. 4.24309e-13
71800. 4.15089e-13
72200. 4.06088e-13
72600. 3.97363e-13
73000. 3.88875e-13
73400. 3.806e-13
73800. 3.72538e-13
74200. 3.63564e-13
74600. 3.45366e-13
75000. 3.37958e-13
75400. 3.41107e-13
75800. 3.35352e-13
76200. 3.28483e-13
76600. 3.21787e-13
77000. 3.1526e-13
77400. 3.08897e-13
77800. 3.02695e-13
78200. 2.96646e-13
78600. 2.90751e-13
79000. 2.84996e-13
79400. 2.79384e-13
79800. 2.73911e-13
80200. 2.68573e-13
80600. 2.6336e-13
81000. 2.58276e-13
81400. 2.53311e-13
81800. 2.48466e-13
82200. 2.43737e-13
82600. 2.3912e-13
83000. 2.34611e-13
83400. 2.30205e-13
83800. 2.25898e-13
84200. 2.21703e-13
84600. 2.17603e-13
85000. 2.13593e-13
85400. 2.09675e-13
85800. 2.05846e-13
86200. 2.02107e-13
86600. 1.98451e-13
87000. 1.94874e-13
87400. 1.9138e-13
87800. 1.87965e-13
88200. 1.84623e-13
88600. 1.81354e-13
89000. 1.7816e-13
89400. 1.75037e-13
89800. 1.7198e-13
90200. 1.6899e-13
90600. 1.66064e-13
91000. 1.63199e-13
91400. 1.60398e-13
91800. 1.57659e-13
92200. 1.54975e-13
92600. 1.52348e-13
93000. 1.49777e-13
93400. 1.4726e-13
93800. 1.44794e-13
94200. 1.42381e-13
94600. 1.40019e-13
95000. 1.37705e-13
95400. 1.35435e-13
95800. 1.33216e-13
96200. 1.31042e-13
96600. 1.28909e-13
97000. 1.26822e-13
97400. 1.24775e-13
97800. 1.22772e-13
98200. 1.20807e-13
98600. 1.1888e-13
99000. 1.16994e-13
99400. 1.15144e-13
99800. 1.1333e-13
100200. 1.1155e-13
200000. 7.15777e-15
400000. 4.46527e-16
600000. 8.76209e-17
800000. 2.75408e-17
1000000. 1.12133e-17
1200000. 5.3787e-18
1400000. 2.88915e-18
1600000. 1.68622e-18
