32.794 31.298 29.804 28.535 27.326 26.188 25.072 23.990 23.037 22.077 21.187 20.365 19.576 18.808 18.104 17.417 16.843 16.235 15.597 15.038 14.503 14.022 13.566 13.171 12.771 12.411 12.041 11.712 11.446 11.185 10.914 10.717 10.535 10.366 10.223 10.128 10.035 9.923 9.859 9.838 9.797 9.838 9.859 9.923 10.035 10.128 10.223 10.366 10.535 10.717 10.914 11.185 11.446 11.712 12.041 12.411 12.771 13.171 13.566 14.022 14.503 15.038 15.597 16.235 16.843 17.417 18.104 18.808 19.576 20.365 21.187 22.077 23.037 23.990 25.072 26.188 27.326 28.535 29.804 31.298 32.794 
31.298 29.797 28.511 27.206 25.939 24.879 23.751 22.824 21.823 20.915 20.051 19.257 18.422 17.702 17.026 16.357 15.763 15.156 14.535 14.019 13.474 13.022 12.598 12.186 11.861 11.448 11.124 10.814 10.537 10.253 9.999 9.782 9.621 9.480 9.374 9.270 9.178 9.119 9.027 9.004 8.974 9.004 9.027 9.119 9.178 9.270 9.374 9.480 9.621 9.782 9.999 10.253 10.537 10.814 11.124 11.448 11.861 12.186 12.598 13.022 13.474 14.019 14.535 15.156 15.763 16.357 17.026 17.702 18.422 19.257 20.051 20.915 21.823 22.824 23.751 24.879 25.939 27.206 28.511 29.797 31.298 
29.804 28.511 27.199 25.897 24.693 23.620 22.519 21.586 20.723 19.828 18.969 18.148 17.427 16.687 16.010 15.326 14.760 14.159 13.571 13.047 12.570 12.124 11.644 11.237 10.922 10.561 10.256 9.947 9.707 9.434 9.217 9.018 8.842 8.704 8.579 8.494 8.386 8.300 8.259 8.207 8.182 8.207 8.259 8.300 8.386 8.494 8.579 8.704 8.842 9.018 9.217 9.434 9.707 9.947 10.256 10.561 10.922 11.237 11.644 12.124 12.570 13.047 13.571 14.159 14.760 15.326 16.010 16.687 17.427 18.148 18.969 19.828 20.723 21.586 22.519 23.620 24.693 25.897 27.199 28.511 29.804 
28.535 27.206 25.897 24.703 23.506 22.434 21.412 20.580 19.647 18.769 17.929 17.188 16.437 15.709 15.043 14.399 13.838 13.246 12.664 12.155 11.662 11.205 10.789 10.386 10.067 9.735 9.441 9.154 8.907 8.674 8.427 8.226 8.103 7.914 7.783 7.684 7.605 7.519 7.462 7.410 7.391 7.410 7.462 7.519 7.605 7.684 7.783 7.914 8.103 8.226 8.427 8.674 8.907 9.154 9.441 9.735 10.067 10.386 10.789 11.205 11.662 12.155 12.664 13.246 13.838 14.399 15.043 15.709 16.437 17.188 17.929 18.769 19.647 20.580 21.412 22.434 23.506 24.703 25.897 27.206 28.535 
27.326 25.939 24.693 23.506 22.356 21.386 20.447 19.545 18.621 17.731 16.989 16.195 15.476 14.759 14.172 13.522 12.913 12.310 11.789 11.302 10.822 10.381 9.971 9.581 9.294 8.991 8.710 8.383 8.155 7.881 7.672 7.472 7.321 7.177 7.035 6.944 6.857 6.782 6.750 6.688 6.646 6.688 6.750 6.782 6.857 6.944 7.035 7.177 7.321 7.472 7.672 7.881 8.155 8.383 8.710 8.991 9.294 9.581 9.971 10.381 10.822 11.302 11.789 12.310 12.913 13.522 14.172 14.759 15.476 16.195 16.989 17.731 18.621 19.545 20.447 21.386 22.356 23.506 24.693 25.939 27.326 
26.188 24.879 23.620 22.434 21.386 20.459 19.446 18.560 17.648 16.853 16.039 15.308 14.608 13.925 13.216 12.610 12.022 11.449 10.967 10.483 10.045 9.632 9.244 8.882 8.547 8.230 7.950 7.690 7.402 7.173 6.974 6.761 6.618 6.476 6.369 6.263 6.159 6.118 6.073 6.029 6.034 6.029 6.073 6.118 6.159 6.263 6.369 6.476 6.618 6.761 6.974 7.173 7.402 7.690 7.950 8.230 8.547 8.882 9.244 9.632 10.045 10.483 10.967 11.449 12.022 12.610 13.216 13.925 14.608 15.308 16.039 16.853 17.648 18.560 19.446 20.459 21.386 22.434 23.620 24.879 26.188 
25.072 23.751 22.519 21.412 20.447 19.446 18.532 17.640 16.805 15.940 15.156 14.478 13.727 13.022 12.380 11.787 11.204 10.697 10.166 9.737 9.309 8.910 8.510 8.175 7.824 7.528 7.238 6.971 6.721 6.523 6.285 6.129 5.987 5.864 5.738 5.643 5.587 5.542 5.494 5.476 5.470 5.476 5.494 5.542 5.587 5.643 5.738 5.864 5.987 6.129 6.285 6.523 6.721 6.971 7.238 7.528 7.824 8.175 8.510 8.910 9.309 9.737 10.166 10.697 11.204 11.787 12.380 13.022 13.727 14.478 15.156 15.940 16.805 17.640 18.532 19.446 20.447 21.412 22.519 23.751 25.072 
23.990 22.824 21.586 20.580 19.545 18.560 17.640 16.709 15.853 15.071 14.338 13.601 12.911 12.200 11.592 11.014 10.475 9.973 9.475 9.026 8.638 8.216 7.848 7.489 7.157 6.822 6.563 6.308 6.070 5.875 5.719 5.530 5.410 5.301 5.226 5.151 5.108 5.050 5.015 5.005 4.994 5.005 5.015 5.050 5.108 5.151 5.226 5.301 5.410 5.530 5.719 5.875 6.070 6.308 6.563 6.822 7.157 7.489 7.848 8.216 8.638 9.026 9.475 9.973 10.475 11.014 11.592 12.200 12.911 13.601 14.338 15.071 15.853 16.709 17.640 18.560 19.545 20.580 21.586 22.824 23.990 
23.037 21.823 20.723 19.647 18.621 17.648 16.805 15.853 15.095 14.251 13.509 12.811 12.089 11.457 10.867 10.302 9.756 9.246 8.817 8.382 7.948 7.559 7.144 6.819 6.503 6.212 5.970 5.744 5.532 5.381 5.220 5.079 4.969 4.849 4.780 4.727 4.657 4.607 4.579 4.573 4.573 4.573 4.579 4.607 4.657 4.727 4.780 4.849 4.969 5.079 5.220 5.381 5.532 5.744 5.970 6.212 6.503 6.819 7.144 7.559 7.948 8.382 8.817 9.246 9.756 10.302 10.867 11.457 12.089 12.811 13.509 14.251 15.095 15.853 16.805 17.648 18.621 19.647 20.723 21.823 23.037 
22.077 20.915 19.828 18.769 17.731 16.853 15.940 15.071 14.251 13.469 12.744 12.005 11.339 10.733 10.158 9.641 9.104 8.633 8.187 7.736 7.302 6.884 6.547 6.242 5.938 5.701 5.442 5.260 5.082 4.931 4.796 4.668 4.547 4.440 4.351 4.286 4.209 4.173 4.153 4.124 4.112 4.124 4.153 4.173 4.209 4.286 4.351 4.440 4.547 4.668 4.796 4.931 5.082 5.260 5.442 5.701 5.938 6.242 6.547 6.884 7.302 7.736 8.187 8.633 9.104 9.641 10.158 10.733 11.339 12.005 12.744 13.469 14.251 15.071 15.940 16.853 17.731 18.769 19.828 20.915 22.077 
21.187 20.051 18.969 17.929 16.989 16.039 15.156 14.338 13.509 12.744 11.968 11.299 10.691 10.066 9.541 8.970 8.494 8.022 7.566 7.123 6.678 6.321 5.993 5.700 5.445 5.226 5.026 4.863 4.691 4.521 4.374 4.243 4.129 4.029 3.944 3.866 3.816 3.752 3.719 3.707 3.680 3.707 3.719 3.752 3.816 3.866 3.944 4.029 4.129 4.243 4.374 4.521 4.691 4.863 5.026 5.226 5.445 5.700 5.993 6.321 6.678 7.123 7.566 8.022 8.494 8.970 9.541 10.066 10.691 11.299 11.968 12.744 13.509 14.338 15.156 16.039 16.989 17.929 18.969 20.051 21.187 
20.365 19.257 18.148 17.188 16.195 15.308 14.478 13.601 12.811 12.005 11.299 10.651 10.048 9.450 8.873 8.370 7.880 7.416 6.971 6.531 6.122 5.798 5.505 5.244 5.033 4.822 4.627 4.447 4.261 4.092 3.960 3.831 3.733 3.606 3.524 3.451 3.384 3.341 3.302 3.277 3.268 3.277 3.302 3.341 3.384 3.451 3.524 3.606 3.733 3.831 3.960 4.092 4.261 4.447 4.627 4.822 5.033 5.244 5.505 5.798 6.122 6.531 6.971 7.416 7.880 8.370 8.873 9.450 10.048 10.651 11.299 12.005 12.811 13.601 14.478 15.308 16.195 17.188 18.148 19.257 20.365 
19.576 18.422 17.427 16.437 15.476 14.608 13.727 12.911 12.089 11.339 10.691 10.048 9.450 8.870 8.346 7.800 7.280 6.817 6.418 6.016 5.653 5.350 5.089 4.875 4.645 4.439 4.234 4.038 3.867 3.706 3.572 3.440 3.317 3.206 3.137 3.086 3.027 2.985 2.959 2.944 2.944 2.944 2.959 2.985 3.027 3.086 3.137 3.206 3.317 3.440 3.572 3.706 3.867 4.038 4.234 4.439 4.645 4.875 5.089 5.350 5.653 6.016 6.418 6.817 7.280 7.800 8.346 8.870 9.450 10.048 10.691 11.339 12.089 12.911 13.727 14.608 15.476 16.437 17.427 18.422 19.576 
18.808 17.702 16.687 15.709 14.759 13.925 13.022 12.200 11.457 10.733 10.066 9.450 8.870 8.319 7.751 7.229 6.718 6.304 5.906 5.542 5.228 4.988 4.737 4.509 4.260 4.049 3.862 3.676 3.494 3.328 3.193 3.074 2.997 2.906 2.844 2.785 2.746 2.707 2.693 2.678 2.669 2.678 2.693 2.707 2.746 2.785 2.844 2.906 2.997 3.074 3.193 3.328 3.494 3.676 3.862 4.049 4.260 4.509 4.737 4.988 5.228 5.542 5.906 6.304 6.718 7.229 7.751 8.319 8.870 9.450 10.066 10.733 11.457 12.200 13.022 13.925 14.759 15.709 16.687 17.702 18.808 
18.104 17.026 16.010 15.043 14.172 13.216 12.380 11.592 10.867 10.158 9.541 8.873 8.346 7.751 7.179 6.673 6.226 5.842 5.465 5.157 4.891 4.635 4.379 4.119 3.897 3.700 3.479 3.301 3.139 3.002 2.904 2.816 2.723 2.653 2.596 2.562 2.526 2.498 2.485 2.474 2.477 2.474 2.485 2.498 2.526 2.562 2.596 2.653 2.723 2.816 2.904 3.002 3.139 3.301 3.479 3.700 3.897 4.119 4.379 4.635 4.891 5.157 5.465 5.842 6.226 6.673 7.179 7.751 8.346 8.873 9.541 10.158 10.867 11.592 12.380 13.216 14.172 15.043 16.010 17.026 18.104 
17.417 16.357 15.326 14.399 13.522 12.610 11.787 11.014 10.302 9.641 8.970 8.370 7.800 7.229 6.673 6.217 5.788 5.414 5.099 4.802 4.567 4.273 4.011 3.765 3.555 3.332 3.150 3.008 2.862 2.757 2.647 2.563 2.516 2.473 2.434 2.406 2.384 2.377 2.370 2.358 2.352 2.358 2.370 2.377 2.384 2.406 2.434 2.473 2.516 2.563 2.647 2.757 2.862 3.008 3.150 3.332 3.555 3.765 4.011 4.273 4.567 4.802 5.099 5.414 5.788 6.217 6.673 7.229 7.800 8.370 8.970 9.641 10.302 11.014 11.787 12.610 13.522 14.399 15.326 16.357 17.417 
16.843 15.763 14.760 13.838 12.913 12.022 11.204 10.475 9.756 9.104 8.494 7.880 7.280 6.718 6.226 5.788 5.391 5.068 4.776 4.484 4.202 3.933 3.669 3.439 3.218 3.035 2.890 2.752 2.632 2.539 2.473 2.434 2.390 2.349 2.325 2.318 2.335 2.335 2.334 2.341 2.350 2.341 2.334 2.335 2.335 2.318 2.325 2.349 2.390 2.434 2.473 2.539 2.632 2.752 2.890 3.035 3.218 3.439 3.669 3.933 4.202 4.484 4.776 5.068 5.391 5.788 6.226 6.718 7.280 7.880 8.494 9.104 9.756 10.475 11.204 12.022 12.913 13.838 14.760 15.763 16.843 
16.235 15.156 14.159 13.246 12.310 11.449 10.697 9.973 9.246 8.633 8.022 7.416 6.817 6.304 5.842 5.414 5.068 4.759 4.457 4.148 3.874 3.619 3.354 3.123 2.949 2.797 2.656 2.546 2.470 2.406 2.362 2.338 2.337 2.336 2.371 2.417 2.467 2.487 2.511 2.524 2.534 2.524 2.511 2.487 2.467 2.417 2.371 2.336 2.337 2.338 2.362 2.406 2.470 2.546 2.656 2.797 2.949 3.123 3.354 3.619 3.874 4.148 4.457 4.759 5.068 5.414 5.842 6.304 6.817 7.416 8.022 8.633 9.246 9.973 10.697 11.449 12.310 13.246 14.159 15.156 16.235 
15.597 14.535 13.571 12.664 11.789 10.967 10.166 9.475 8.817 8.187 7.566 6.971 6.418 5.906 5.465 5.099 4.776 4.457 4.130 3.850 3.573 3.294 3.078 2.888 2.720 2.593 2.480 2.422 2.364 2.324 2.325 2.372 2.452 2.508 2.572 2.615 2.658 2.680 2.710 2.739 2.757 2.739 2.710 2.680 2.658 2.615 2.572 2.508 2.452 2.372 2.325 2.324 2.364 2.422 2.480 2.593 2.720 2.888 3.078 3.294 3.573 3.850 4.130 4.457 4.776 5.099 5.465 5.906 6.418 6.971 7.566 8.187 8.817 9.475 10.166 10.967 11.789 12.664 13.571 14.535 15.597 
15.038 14.019 13.047 12.155 11.302 10.483 9.737 9.026 8.382 7.736 7.123 6.531 6.016 5.542 5.157 4.802 4.484 4.148 3.850 3.549 3.269 3.040 2.841 2.671 2.555 2.452 2.379 2.335 2.317 2.390 2.472 2.553 2.630 2.702 2.787 2.869 2.929 2.975 3.004 3.028 3.034 3.028 3.004 2.975 2.929 2.869 2.787 2.702 2.630 2.553 2.472 2.390 2.317 2.335 2.379 2.452 2.555 2.671 2.841 3.040 3.269 3.549 3.850 4.148 4.484 4.802 5.157 5.542 6.016 6.531 7.123 7.736 8.382 9.026 9.737 10.483 11.302 12.155 13.047 14.019 15.038 
14.503 13.474 12.570 11.662 10.822 10.045 9.309 8.638 7.948 7.302 6.678 6.122 5.653 5.228 4.891 4.567 4.202 3.874 3.573 3.269 3.027 2.820 2.643 2.519 2.427 2.358 2.329 2.356 2.459 2.561 2.647 2.752 2.871 2.977 3.072 3.150 3.207 3.267 3.303 3.314 3.304 3.314 3.303 3.267 3.207 3.150 3.072 2.977 2.871 2.752 2.647 2.561 2.459 2.356 2.329 2.358 2.427 2.519 2.643 2.820 3.027 3.269 3.573 3.874 4.202 4.567 4.891 5.228 5.653 6.122 6.678 7.302 7.948 8.638 9.309 10.045 10.822 11.662 12.570 13.474 14.503 
14.022 13.022 12.124 11.205 10.381 9.632 8.910 8.216 7.559 6.884 6.321 5.798 5.350 4.988 4.635 4.273 3.933 3.619 3.294 3.040 2.820 2.653 2.515 2.404 2.351 2.342 2.407 2.508 2.631 2.751 2.890 3.033 3.146 3.240 3.335 3.424 3.488 3.546 3.589 3.618 3.627 3.618 3.589 3.546 3.488 3.424 3.335 3.240 3.146 3.033 2.890 2.751 2.631 2.508 2.407 2.342 2.351 2.404 2.515 2.653 2.820 3.040 3.294 3.619 3.933 4.273 4.635 4.988 5.350 5.798 6.321 6.884 7.559 8.216 8.910 9.632 10.381 11.205 12.124 13.022 14.022 
13.566 12.598 11.644 10.789 9.971 9.244 8.510 7.848 7.144 6.547 5.993 5.505 5.089 4.737 4.379 4.011 3.669 3.354 3.078 2.841 2.643 2.515 2.421 2.336 2.336 2.440 2.573 2.692 2.839 3.004 3.159 3.287 3.419 3.529 3.629 3.702 3.769 3.826 3.873 3.890 3.903 3.890 3.873 3.826 3.769 3.702 3.629 3.529 3.419 3.287 3.159 3.004 2.839 2.692 2.573 2.440 2.336 2.336 2.421 2.515 2.643 2.841 3.078 3.354 3.669 4.011 4.379 4.737 5.089 5.505 5.993 6.547 7.144 7.848 8.510 9.244 9.971 10.789 11.644 12.598 13.566 
13.171 12.186 11.237 10.386 9.581 8.882 8.175 7.489 6.819 6.242 5.700 5.244 4.875 4.509 4.119 3.765 3.439 3.123 2.888 2.671 2.519 2.404 2.336 2.327 2.455 2.590 2.737 2.914 3.093 3.257 3.410 3.550 3.683 3.801 3.909 3.989 4.057 4.108 4.137 4.153 4.172 4.153 4.137 4.108 4.057 3.989 3.909 3.801 3.683 3.550 3.410 3.257 3.093 2.914 2.737 2.590 2.455 2.327 2.336 2.404 2.519 2.671 2.888 3.123 3.439 3.765 4.119 4.509 4.875 5.244 5.700 6.242 6.819 7.489 8.175 8.882 9.581 10.386 11.237 12.186 13.171 
12.771 11.861 10.922 10.067 9.294 8.547 7.824 7.157 6.503 5.938 5.445 5.033 4.645 4.260 3.897 3.555 3.218 2.949 2.720 2.555 2.427 2.351 2.336 2.455 2.590 2.772 2.956 3.141 3.307 3.490 3.659 3.794 3.925 4.063 4.158 4.246 4.332 4.372 4.404 4.417 4.404 4.417 4.404 4.372 4.332 4.246 4.158 4.063 3.925 3.794 3.659 3.490 3.307 3.141 2.956 2.772 2.590 2.455 2.336 2.351 2.427 2.555 2.720 2.949 3.218 3.555 3.897 4.260 4.645 5.033 5.445 5.938 6.503 7.157 7.824 8.547 9.294 10.067 10.922 11.861 12.771 
12.411 11.448 10.561 9.735 8.991 8.230 7.528 6.822 6.212 5.701 5.226 4.822 4.439 4.049 3.700 3.332 3.035 2.797 2.593 2.452 2.358 2.342 2.440 2.590 2.772 2.974 3.160 3.365 3.553 3.729 3.876 4.034 4.169 4.301 4.386 4.458 4.537 4.587 4.643 4.641 4.630 4.641 4.643 4.587 4.537 4.458 4.386 4.301 4.169 4.034 3.876 3.729 3.553 3.365 3.160 2.974 2.772 2.590 2.440 2.342 2.358 2.452 2.593 2.797 3.035 3.332 3.700 4.049 4.439 4.822 5.226 5.701 6.212 6.822 7.528 8.230 8.991 9.735 10.561 11.448 12.411 
12.041 11.124 10.256 9.441 8.710 7.950 7.238 6.563 5.970 5.442 5.026 4.627 4.234 3.862 3.479 3.150 2.890 2.656 2.480 2.379 2.329 2.407 2.573 2.737 2.956 3.160 3.381 3.600 3.770 3.957 4.110 4.259 4.410 4.505 4.614 4.712 4.785 4.840 4.863 4.893 4.887 4.893 4.863 4.840 4.785 4.712 4.614 4.505 4.410 4.259 4.110 3.957 3.770 3.600 3.381 3.160 2.956 2.737 2.573 2.407 2.329 2.379 2.480 2.656 2.890 3.150 3.479 3.862 4.234 4.627 5.026 5.442 5.970 6.563 7.238 7.950 8.710 9.441 10.256 11.124 12.041 
11.712 10.814 9.947 9.154 8.383 7.690 6.971 6.308 5.744 5.260 4.863 4.447 4.038 3.676 3.301 3.008 2.752 2.546 2.422 2.335 2.356 2.508 2.692 2.914 3.141 3.365 3.600 3.789 3.992 4.167 4.329 4.472 4.621 4.743 4.830 4.932 5.014 5.054 5.093 5.127 5.130 5.127 5.093 5.054 5.014 4.932 4.830 4.743 4.621 4.472 4.329 4.167 3.992 3.789 3.600 3.365 3.141 2.914 2.692 2.508 2.356 2.335 2.422 2.546 2.752 3.008 3.301 3.676 4.038 4.447 4.863 5.260 5.744 6.308 6.971 7.690 8.383 9.154 9.947 10.814 11.712 
11.446 10.537 9.707 8.907 8.155 7.402 6.721 6.070 5.532 5.082 4.691 4.261 3.867 3.494 3.139 2.862 2.632 2.470 2.364 2.317 2.459 2.631 2.839 3.093 3.307 3.553 3.770 3.992 4.196 4.365 4.521 4.699 4.834 4.952 5.038 5.121 5.214 5.267 5.304 5.341 5.358 5.341 5.304 5.267 5.214 5.121 5.038 4.952 4.834 4.699 4.521 4.365 4.196 3.992 3.770 3.553 3.307 3.093 2.839 2.631 2.459 2.317 2.364 2.470 2.632 2.862 3.139 3.494 3.867 4.261 4.691 5.082 5.532 6.070 6.721 7.402 8.155 8.907 9.707 10.537 11.446 
11.185 10.253 9.434 8.674 7.881 7.173 6.523 5.875 5.381 4.931 4.521 4.092 3.706 3.328 3.002 2.757 2.539 2.406 2.324 2.390 2.561 2.751 3.004 3.257 3.490 3.729 3.957 4.167 4.365 4.560 4.707 4.878 4.997 5.107 5.223 5.330 5.390 5.457 5.482 5.557 5.545 5.557 5.482 5.457 5.390 5.330 5.223 5.107 4.997 4.878 4.707 4.560 4.365 4.167 3.957 3.729 3.490 3.257 3.004 2.751 2.561 2.390 2.324 2.406 2.539 2.757 3.002 3.328 3.706 4.092 4.521 4.931 5.381 5.875 6.523 7.173 7.881 8.674 9.434 10.253 11.185 
10.914 9.999 9.217 8.427 7.672 6.974 6.285 5.719 5.220 4.796 4.374 3.960 3.572 3.193 2.904 2.647 2.473 2.362 2.325 2.472 2.647 2.890 3.159 3.410 3.659 3.876 4.110 4.329 4.521 4.707 4.898 5.028 5.158 5.299 5.399 5.504 5.575 5.628 5.688 5.694 5.693 5.694 5.688 5.628 5.575 5.504 5.399 5.299 5.158 5.028 4.898 4.707 4.521 4.329 4.110 3.876 3.659 3.410 3.159 2.890 2.647 2.472 2.325 2.362 2.473 2.647 2.904 3.193 3.572 3.960 4.374 4.796 5.220 5.719 6.285 6.974 7.672 8.427 9.217 9.999 10.914 
10.717 9.782 9.018 8.226 7.472 6.761 6.129 5.530 5.079 4.668 4.243 3.831 3.440 3.074 2.816 2.563 2.434 2.338 2.372 2.553 2.752 3.033 3.287 3.550 3.794 4.034 4.259 4.472 4.699 4.878 5.028 5.178 5.319 5.457 5.580 5.663 5.734 5.805 5.845 5.859 5.912 5.859 5.845 5.805 5.734 5.663 5.580 5.457 5.319 5.178 5.028 4.878 4.699 4.472 4.259 4.034 3.794 3.550 3.287 3.033 2.752 2.553 2.372 2.338 2.434 2.563 2.816 3.074 3.440 3.831 4.243 4.668 5.079 5.530 6.129 6.761 7.472 8.226 9.018 9.782 10.717 
10.535 9.621 8.842 8.103 7.321 6.618 5.987 5.410 4.969 4.547 4.129 3.733 3.317 2.997 2.723 2.516 2.390 2.337 2.452 2.630 2.871 3.146 3.419 3.683 3.925 4.169 4.410 4.621 4.834 4.997 5.158 5.319 5.475 5.606 5.693 5.804 5.889 5.971 6.032 6.040 6.032 6.040 6.032 5.971 5.889 5.804 5.693 5.606 5.475 5.319 5.158 4.997 4.834 4.621 4.410 4.169 3.925 3.683 3.419 3.146 2.871 2.630 2.452 2.337 2.390 2.516 2.723 2.997 3.317 3.733 4.129 4.547 4.969 5.410 5.987 6.618 7.321 8.103 8.842 9.621 10.535 
10.366 9.480 8.704 7.914 7.177 6.476 5.864 5.301 4.849 4.440 4.029 3.606 3.206 2.906 2.653 2.473 2.349 2.336 2.508 2.702 2.977 3.240 3.529 3.801 4.063 4.301 4.505 4.743 4.952 5.107 5.299 5.457 5.606 5.701 5.834 5.962 6.027 6.102 6.131 6.139 6.169 6.139 6.131 6.102 6.027 5.962 5.834 5.701 5.606 5.457 5.299 5.107 4.952 4.743 4.505 4.301 4.063 3.801 3.529 3.240 2.977 2.702 2.508 2.336 2.349 2.473 2.653 2.906 3.206 3.606 4.029 4.440 4.849 5.301 5.864 6.476 7.177 7.914 8.704 9.480 10.366 
10.223 9.374 8.579 7.783 7.035 6.369 5.738 5.226 4.780 4.351 3.944 3.524 3.137 2.844 2.596 2.434 2.325 2.371 2.572 2.787 3.072 3.335 3.629 3.909 4.158 4.386 4.614 4.830 5.038 5.223 5.399 5.580 5.693 5.834 6.007 6.091 6.153 6.235 6.269 6.292 6.271 6.292 6.269 6.235 6.153 6.091 6.007 5.834 5.693 5.580 5.399 5.223 5.038 4.830 4.614 4.386 4.158 3.909 3.629 3.335 3.072 2.787 2.572 2.371 2.325 2.434 2.596 2.844 3.137 3.524 3.944 4.351 4.780 5.226 5.738 6.369 7.035 7.783 8.579 9.374 10.223 
10.128 9.270 8.494 7.684 6.944 6.263 5.643 5.151 4.727 4.286 3.866 3.451 3.086 2.785 2.562 2.406 2.318 2.417 2.615 2.869 3.150 3.424 3.702 3.989 4.246 4.458 4.712 4.932 5.121 5.330 5.504 5.663 5.804 5.962 6.091 6.179 6.273 6.326 6.368 6.399 6.391 6.399 6.368 6.326 6.273 6.179 6.091 5.962 5.804 5.663 5.504 5.330 5.121 4.932 4.712 4.458 4.246 3.989 3.702 3.424 3.150 2.869 2.615 2.417 2.318 2.406 2.562 2.785 3.086 3.451 3.866 4.286 4.727 5.151 5.643 6.263 6.944 7.684 8.494 9.270 10.128 
10.035 9.178 8.386 7.605 6.857 6.159 5.587 5.108 4.657 4.209 3.816 3.384 3.027 2.746 2.526 2.384 2.335 2.467 2.658 2.929 3.207 3.488 3.769 4.057 4.332 4.537 4.785 5.014 5.214 5.390 5.575 5.734 5.889 6.027 6.153 6.273 6.361 6.408 6.459 6.466 6.481 6.466 6.459 6.408 6.361 6.273 6.153 6.027 5.889 5.734 5.575 5.390 5.214 5.014 4.785 4.537 4.332 4.057 3.769 3.488 3.207 2.929 2.658 2.467 2.335 2.384 2.526 2.746 3.027 3.384 3.816 4.209 4.657 5.108 5.587 6.159 6.857 7.605 8.386 9.178 10.035 
9.923 9.119 8.300 7.519 6.782 6.118 5.542 5.050 4.607 4.173 3.752 3.341 2.985 2.707 2.498 2.377 2.335 2.487 2.680 2.975 3.267 3.546 3.826 4.108 4.372 4.587 4.840 5.054 5.267 5.457 5.628 5.805 5.971 6.102 6.235 6.326 6.408 6.465 6.512 6.557 6.573 6.557 6.512 6.465 6.408 6.326 6.235 6.102 5.971 5.805 5.628 5.457 5.267 5.054 4.840 4.587 4.372 4.108 3.826 3.546 3.267 2.975 2.680 2.487 2.335 2.377 2.498 2.707 2.985 3.341 3.752 4.173 4.607 5.050 5.542 6.118 6.782 7.519 8.300 9.119 9.923 
9.859 9.027 8.259 7.462 6.750 6.073 5.494 5.015 4.579 4.153 3.719 3.302 2.959 2.693 2.485 2.370 2.334 2.511 2.710 3.004 3.303 3.589 3.873 4.137 4.404 4.643 4.863 5.093 5.304 5.482 5.688 5.845 6.032 6.131 6.269 6.368 6.459 6.512 6.576 6.603 6.633 6.603 6.576 6.512 6.459 6.368 6.269 6.131 6.032 5.845 5.688 5.482 5.304 5.093 4.863 4.643 4.404 4.137 3.873 3.589 3.303 3.004 2.710 2.511 2.334 2.370 2.485 2.693 2.959 3.302 3.719 4.153 4.579 5.015 5.494 6.073 6.750 7.462 8.259 9.027 9.859 
9.838 9.004 8.207 7.410 6.688 6.029 5.476 5.005 4.573 4.124 3.707 3.277 2.944 2.678 2.474 2.358 2.341 2.524 2.739 3.028 3.314 3.618 3.890 4.153 4.417 4.641 4.893 5.127 5.341 5.557 5.694 5.859 6.040 6.139 6.292 6.399 6.466 6.557 6.603 6.633 6.655 6.633 6.603 6.557 6.466 6.399 6.292 6.139 6.040 5.859 5.694 5.557 5.341 5.127 4.893 4.641 4.417 4.153 3.890 3.618 3.314 3.028 2.739 2.524 2.341 2.358 2.474 2.678 2.944 3.277 3.707 4.124 4.573 5.005 5.476 6.029 6.688 7.410 8.207 9.004 9.838 
9.797 8.974 8.182 7.391 6.646 6.034 5.470 4.994 4.573 4.112 3.680 3.268 2.944 2.669 2.477 2.352 2.350 2.534 2.757 3.034 3.304 3.627 3.903 4.172 4.404 4.630 4.887 5.130 5.358 5.545 5.693 5.912 6.032 6.169 6.271 6.391 6.481 6.573 6.633 6.655 6.688 6.655 6.633 6.573 6.481 6.391 6.271 6.169 6.032 5.912 5.693 5.545 5.358 5.130 4.887 4.630 4.404 4.172 3.903 3.627 3.304 3.034 2.757 2.534 2.350 2.352 2.477 2.669 2.944 3.268 3.680 4.112 4.573 4.994 5.470 6.034 6.646 7.391 8.182 8.974 9.797 
9.838 9.004 8.207 7.410 6.688 6.029 5.476 5.005 4.573 4.124 3.707 3.277 2.944 2.678 2.474 2.358 2.341 2.524 2.739 3.028 3.314 3.618 3.890 4.153 4.417 4.641 4.893 5.127 5.341 5.557 5.694 5.859 6.040 6.139 6.292 6.399 6.466 6.557 6.603 6.633 6.655 6.633 6.603 6.557 6.466 6.399 6.292 6.139 6.040 5.859 5.694 5.557 5.341 5.127 4.893 4.641 4.417 4.153 3.890 3.618 3.314 3.028 2.739 2.524 2.341 2.358 2.474 2.678 2.944 3.277 3.707 4.124 4.573 5.005 5.476 6.029 6.688 7.410 8.207 9.004 9.838 
9.859 9.027 8.259 7.462 6.750 6.073 5.494 5.015 4.579 4.153 3.719 3.302 2.959 2.693 2.485 2.370 2.334 2.511 2.710 3.004 3.303 3.589 3.873 4.137 4.404 4.643 4.863 5.093 5.304 5.482 5.688 5.845 6.032 6.131 6.269 6.368 6.459 6.512 6.576 6.603 6.633 6.603 6.576 6.512 6.459 6.368 6.269 6.131 6.032 5.845 5.688 5.482 5.304 5.093 4.863 4.643 4.404 4.137 3.873 3.589 3.303 3.004 2.710 2.511 2.334 2.370 2.485 2.693 2.959 3.302 3.719 4.153 4.579 5.015 5.494 6.073 6.750 7.462 8.259 9.027 9.859 
9.923 9.119 8.300 7.519 6.782 6.118 5.542 5.050 4.607 4.173 3.752 3.341 2.985 2.707 2.498 2.377 2.335 2.487 2.680 2.975 3.267 3.546 3.826 4.108 4.372 4.587 4.840 5.054 5.267 5.457 5.628 5.805 5.971 6.102 6.235 6.326 6.408 6.465 6.512 6.557 6.573 6.557 6.512 6.465 6.408 6.326 6.235 6.102 5.971 5.805 5.628 5.457 5.267 5.054 4.840 4.587 4.372 4.108 3.826 3.546 3.267 2.975 2.680 2.487 2.335 2.377 2.498 2.707 2.985 3.341 3.752 4.173 4.607 5.050 5.542 6.118 6.782 7.519 8.300 9.119 9.923 
10.035 9.178 8.386 7.605 6.857 6.159 5.587 5.108 4.657 4.209 3.816 3.384 3.027 2.746 2.526 2.384 2.335 2.467 2.658 2.929 3.207 3.488 3.769 4.057 4.332 4.537 4.785 5.014 5.214 5.390 5.575 5.734 5.889 6.027 6.153 6.273 6.361 6.408 6.459 6.466 6.481 6.466 6.459 6.408 6.361 6.273 6.153 6.027 5.889 5.734 5.575 5.390 5.214 5.014 4.785 4.537 4.332 4.057 3.769 3.488 3.207 2.929 2.658 2.467 2.335 2.384 2.526 2.746 3.027 3.384 3.816 4.209 4.657 5.108 5.587 6.159 6.857 7.605 8.386 9.178 10.035 
10.128 9.270 8.494 7.684 6.944 6.263 5.643 5.151 4.727 4.286 3.866 3.451 3.086 2.785 2.562 2.406 2.318 2.417 2.615 2.869 3.150 3.424 3.702 3.989 4.246 4.458 4.712 4.932 5.121 5.330 5.504 5.663 5.804 5.962 6.091 6.179 6.273 6.326 6.368 6.399 6.391 6.399 6.368 6.326 6.273 6.179 6.091 5.962 5.804 5.663 5.504 5.330 5.121 4.932 4.712 4.458 4.246 3.989 3.702 3.424 3.150 2.869 2.615 2.417 2.318 2.406 2.562 2.785 3.086 3.451 3.866 4.286 4.727 5.151 5.643 6.263 6.944 7.684 8.494 9.270 10.128 
10.223 9.374 8.579 7.783 7.035 6.369 5.738 5.226 4.780 4.351 3.944 3.524 3.137 2.844 2.596 2.434 2.325 2.371 2.572 2.787 3.072 3.335 3.629 3.909 4.158 4.386 4.614 4.830 5.038 5.223 5.399 5.580 5.693 5.834 6.007 6.091 6.153 6.235 6.269 6.292 6.271 6.292 6.269 6.235 6.153 6.091 6.007 5.834 5.693 5.580 5.399 5.223 5.038 4.830 4.614 4.386 4.158 3.909 3.629 3.335 3.072 2.787 2.572 2.371 2.325 2.434 2.596 2.844 3.137 3.524 3.944 4.351 4.780 5.226 5.738 6.369 7.035 7.783 8.579 9.374 10.223 
10.366 9.480 8.704 7.914 7.177 6.476 5.864 5.301 4.849 4.440 4.029 3.606 3.206 2.906 2.653 2.473 2.349 2.336 2.508 2.702 2.977 3.240 3.529 3.801 4.063 4.301 4.505 4.743 4.952 5.107 5.299 5.457 5.606 5.701 5.834 5.962 6.027 6.102 6.131 6.139 6.169 6.139 6.131 6.102 6.027 5.962 5.834 5.701 5.606 5.457 5.299 5.107 4.952 4.743 4.505 4.301 4.063 3.801 3.529 3.240 2.977 2.702 2.508 2.336 2.349 2.473 2.653 2.906 3.206 3.606 4.029 4.440 4.849 5.301 5.864 6.476 7.177 7.914 8.704 9.480 10.366 
10.535 9.621 8.842 8.103 7.321 6.618 5.987 5.410 4.969 4.547 4.129 3.733 3.317 2.997 2.723 2.516 2.390 2.337 2.452 2.630 2.871 3.146 3.419 3.683 3.925 4.169 4.410 4.621 4.834 4.997 5.158 5.319 5.475 5.606 5.693 5.804 5.889 5.971 6.032 6.040 6.032 6.040 6.032 5.971 5.889 5.804 5.693 5.606 5.475 5.319 5.158 4.997 4.834 4.621 4.410 4.169 3.925 3.683 3.419 3.146 2.871 2.630 2.452 2.337 2.390 2.516 2.723 2.997 3.317 3.733 4.129 4.547 4.969 5.410 5.987 6.618 7.321 8.103 8.842 9.621 10.535 
10.717 9.782 9.018 8.226 7.472 6.761 6.129 5.530 5.079 4.668 4.243 3.831 3.440 3.074 2.816 2.563 2.434 2.338 2.372 2.553 2.752 3.033 3.287 3.550 3.794 4.034 4.259 4.472 4.699 4.878 5.028 5.178 5.319 5.457 5.580 5.663 5.734 5.805 5.845 5.859 5.912 5.859 5.845 5.805 5.734 5.663 5.580 5.457 5.319 5.178 5.028 4.878 4.699 4.472 4.259 4.034 3.794 3.550 3.287 3.033 2.752 2.553 2.372 2.338 2.434 2.563 2.816 3.074 3.440 3.831 4.243 4.668 5.079 5.530 6.129 6.761 7.472 8.226 9.018 9.782 10.717 
10.914 9.999 9.217 8.427 7.672 6.974 6.285 5.719 5.220 4.796 4.374 3.960 3.572 3.193 2.904 2.647 2.473 2.362 2.325 2.472 2.647 2.890 3.159 3.410 3.659 3.876 4.110 4.329 4.521 4.707 4.898 5.028 5.158 5.299 5.399 5.504 5.575 5.628 5.688 5.694 5.693 5.694 5.688 5.628 5.575 5.504 5.399 5.299 5.158 5.028 4.898 4.707 4.521 4.329 4.110 3.876 3.659 3.410 3.159 2.890 2.647 2.472 2.325 2.362 2.473 2.647 2.904 3.193 3.572 3.960 4.374 4.796 5.220 5.719 6.285 6.974 7.672 8.427 9.217 9.999 10.914 
11.185 10.253 9.434 8.674 7.881 7.173 6.523 5.875 5.381 4.931 4.521 4.092 3.706 3.328 3.002 2.757 2.539 2.406 2.324 2.390 2.561 2.751 3.004 3.257 3.490 3.729 3.957 4.167 4.365 4.560 4.707 4.878 4.997 5.107 5.223 5.330 5.390 5.457 5.482 5.557 5.545 5.557 5.482 5.457 5.390 5.330 5.223 5.107 4.997 4.878 4.707 4.560 4.365 4.167 3.957 3.729 3.490 3.257 3.004 2.751 2.561 2.390 2.324 2.406 2.539 2.757 3.002 3.328 3.706 4.092 4.521 4.931 5.381 5.875 6.523 7.173 7.881 8.674 9.434 10.253 11.185 
11.446 10.537 9.707 8.907 8.155 7.402 6.721 6.070 5.532 5.082 4.691 4.261 3.867 3.494 3.139 2.862 2.632 2.470 2.364 2.317 2.459 2.631 2.839 3.093 3.307 3.553 3.770 3.992 4.196 4.365 4.521 4.699 4.834 4.952 5.038 5.121 5.214 5.267 5.304 5.341 5.358 5.341 5.304 5.267 5.214 5.121 5.038 4.952 4.834 4.699 4.521 4.365 4.196 3.992 3.770 3.553 3.307 3.093 2.839 2.631 2.459 2.317 2.364 2.470 2.632 2.862 3.139 3.494 3.867 4.261 4.691 5.082 5.532 6.070 6.721 7.402 8.155 8.907 9.707 10.537 11.446 
11.712 10.814 9.947 9.154 8.383 7.690 6.971 6.308 5.744 5.260 4.863 4.447 4.038 3.676 3.301 3.008 2.752 2.546 2.422 2.335 2.356 2.508 2.692 2.914 3.141 3.365 3.600 3.789 3.992 4.167 4.329 4.472 4.621 4.743 4.830 4.932 5.014 5.054 5.093 5.127 5.130 5.127 5.093 5.054 5.014 4.932 4.830 4.743 4.621 4.472 4.329 4.167 3.992 3.789 3.600 3.365 3.141 2.914 2.692 2.508 2.356 2.335 2.422 2.546 2.752 3.008 3.301 3.676 4.038 4.447 4.863 5.260 5.744 6.308 6.971 7.690 8.383 9.154 9.947 10.814 11.712 
12.041 11.124 10.256 9.441 8.710 7.950 7.238 6.563 5.970 5.442 5.026 4.627 4.234 3.862 3.479 3.150 2.890 2.656 2.480 2.379 2.329 2.407 2.573 2.737 2.956 3.160 3.381 3.600 3.770 3.957 4.110 4.259 4.410 4.505 4.614 4.712 4.785 4.840 4.863 4.893 4.887 4.893 4.863 4.840 4.785 4.712 4.614 4.505 4.410 4.259 4.110 3.957 3.770 3.600 3.381 3.160 2.956 2.737 2.573 2.407 2.329 2.379 2.480 2.656 2.890 3.150 3.479 3.862 4.234 4.627 5.026 5.442 5.970 6.563 7.238 7.950 8.710 9.441 10.256 11.124 12.041 
12.411 11.448 10.561 9.735 8.991 8.230 7.528 6.822 6.212 5.701 5.226 4.822 4.439 4.049 3.700 3.332 3.035 2.797 2.593 2.452 2.358 2.342 2.440 2.590 2.772 2.974 3.160 3.365 3.553 3.729 3.876 4.034 4.169 4.301 4.386 4.458 4.537 4.587 4.643 4.641 4.630 4.641 4.643 4.587 4.537 4.458 4.386 4.301 4.169 4.034 3.876 3.729 3.553 3.365 3.160 2.974 2.772 2.590 2.440 2.342 2.358 2.452 2.593 2.797 3.035 3.332 3.700 4.049 4.439 4.822 5.226 5.701 6.212 6.822 7.528 8.230 8.991 9.735 10.561 11.448 12.411 
12.771 11.861 10.922 10.067 9.294 8.547 7.824 7.157 6.503 5.938 5.445 5.033 4.645 4.260 3.897 3.555 3.218 2.949 2.720 2.555 2.427 2.351 2.336 2.455 2.590 2.772 2.956 3.141 3.307 3.490 3.659 3.794 3.925 4.063 4.158 4.246 4.332 4.372 4.404 4.417 4.404 4.417 4.404 4.372 4.332 4.246 4.158 4.063 3.925 3.794 3.659 3.490 3.307 3.141 2.956 2.772 2.590 2.455 2.336 2.351 2.427 2.555 2.720 2.949 3.218 3.555 3.897 4.260 4.645 5.033 5.445 5.938 6.503 7.157 7.824 8.547 9.294 10.067 10.922 11.861 12.771 
13.171 12.186 11.237 10.386 9.581 8.882 8.175 7.489 6.819 6.242 5.700 5.244 4.875 4.509 4.119 3.765 3.439 3.123 2.888 2.671 2.519 2.404 2.336 2.327 2.455 2.590 2.737 2.914 3.093 3.257 3.410 3.550 3.683 3.801 3.909 3.989 4.057 4.108 4.137 4.153 4.172 4.153 4.137 4.108 4.057 3.989 3.909 3.801 3.683 3.550 3.410 3.257 3.093 2.914 2.737 2.590 2.455 2.327 2.336 2.404 2.519 2.671 2.888 3.123 3.439 3.765 4.119 4.509 4.875 5.244 5.700 6.242 6.819 7.489 8.175 8.882 9.581 10.386 11.237 12.186 13.171 
13.566 12.598 11.644 10.789 9.971 9.244 8.510 7.848 7.144 6.547 5.993 5.505 5.089 4.737 4.379 4.011 3.669 3.354 3.078 2.841 2.643 2.515 2.421 2.336 2.336 2.440 2.573 2.692 2.839 3.004 3.159 3.287 3.419 3.529 3.629 3.702 3.769 3.826 3.873 3.890 3.903 3.890 3.873 3.826 3.769 3.702 3.629 3.529 3.419 3.287 3.159 3.004 2.839 2.692 2.573 2.440 2.336 2.336 2.421 2.515 2.643 2.841 3.078 3.354 3.669 4.011 4.379 4.737 5.089 5.505 5.993 6.547 7.144 7.848 8.510 9.244 9.971 10.789 11.644 12.598 13.566 
14.022 13.022 12.124 11.205 10.381 9.632 8.910 8.216 7.559 6.884 6.321 5.798 5.350 4.988 4.635 4.273 3.933 3.619 3.294 3.040 2.820 2.653 2.515 2.404 2.351 2.342 2.407 2.508 2.631 2.751 2.890 3.033 3.146 3.240 3.335 3.424 3.488 3.546 3.589 3.618 3.627 3.618 3.589 3.546 3.488 3.424 3.335 3.240 3.146 3.033 2.890 2.751 2.631 2.508 2.407 2.342 2.351 2.404 2.515 2.653 2.820 3.040 3.294 3.619 3.933 4.273 4.635 4.988 5.350 5.798 6.321 6.884 7.559 8.216 8.910 9.632 10.381 11.205 12.124 13.022 14.022 
14.503 13.474 12.570 11.662 10.822 10.045 9.309 8.638 7.948 7.302 6.678 6.122 5.653 5.228 4.891 4.567 4.202 3.874 3.573 3.269 3.027 2.820 2.643 2.519 2.427 2.358 2.329 2.356 2.459 2.561 2.647 2.752 2.871 2.977 3.072 3.150 3.207 3.267 3.303 3.314 3.304 3.314 3.303 3.267 3.207 3.150 3.072 2.977 2.871 2.752 2.647 2.561 2.459 2.356 2.329 2.358 2.427 2.519 2.643 2.820 3.027 3.269 3.573 3.874 4.202 4.567 4.891 5.228 5.653 6.122 6.678 7.302 7.948 8.638 9.309 10.045 10.822 11.662 12.570 13.474 14.503 
15.038 14.019 13.047 12.155 11.302 10.483 9.737 9.026 8.382 7.736 7.123 6.531 6.016 5.542 5.157 4.802 4.484 4.148 3.850 3.549 3.269 3.040 2.841 2.671 2.555 2.452 2.379 2.335 2.317 2.390 2.472 2.553 2.630 2.702 2.787 2.869 2.929 2.975 3.004 3.028 3.034 3.028 3.004 2.975 2.929 2.869 2.787 2.702 2.630 2.553 2.472 2.390 2.317 2.335 2.379 2.452 2.555 2.671 2.841 3.040 3.269 3.549 3.850 4.148 4.484 4.802 5.157 5.542 6.016 6.531 7.123 7.736 8.382 9.026 9.737 10.483 11.302 12.155 13.047 14.019 15.038 
15.597 14.535 13.571 12.664 11.789 10.967 10.166 9.475 8.817 8.187 7.566 6.971 6.418 5.906 5.465 5.099 4.776 4.457 4.130 3.850 3.573 3.294 3.078 2.888 2.720 2.593 2.480 2.422 2.364 2.324 2.325 2.372 2.452 2.508 2.572 2.615 2.658 2.680 2.710 2.739 2.757 2.739 2.710 2.680 2.658 2.615 2.572 2.508 2.452 2.372 2.325 2.324 2.364 2.422 2.480 2.593 2.720 2.888 3.078 3.294 3.573 3.850 4.130 4.457 4.776 5.099 5.465 5.906 6.418 6.971 7.566 8.187 8.817 9.475 10.166 10.967 11.789 12.664 13.571 14.535 15.597 
16.235 15.156 14.159 13.246 12.310 11.449 10.697 9.973 9.246 8.633 8.022 7.416 6.817 6.304 5.842 5.414 5.068 4.759 4.457 4.148 3.874 3.619 3.354 3.123 2.949 2.797 2.656 2.546 2.470 2.406 2.362 2.338 2.337 2.336 2.371 2.417 2.467 2.487 2.511 2.524 2.534 2.524 2.511 2.487 2.467 2.417 2.371 2.336 2.337 2.338 2.362 2.406 2.470 2.546 2.656 2.797 2.949 3.123 3.354 3.619 3.874 4.148 4.457 4.759 5.068 5.414 5.842 6.304 6.817 7.416 8.022 8.633 9.246 9.973 10.697 11.449 12.310 13.246 14.159 15.156 16.235 
16.843 15.763 14.760 13.838 12.913 12.022 11.204 10.475 9.756 9.104 8.494 7.880 7.280 6.718 6.226 5.788 5.391 5.068 4.776 4.484 4.202 3.933 3.669 3.439 3.218 3.035 2.890 2.752 2.632 2.539 2.473 2.434 2.390 2.349 2.325 2.318 2.335 2.335 2.334 2.341 2.350 2.341 2.334 2.335 2.335 2.318 2.325 2.349 2.390 2.434 2.473 2.539 2.632 2.752 2.890 3.035 3.218 3.439 3.669 3.933 4.202 4.484 4.776 5.068 5.391 5.788 6.226 6.718 7.280 7.880 8.494 9.104 9.756 10.475 11.204 12.022 12.913 13.838 14.760 15.763 16.843 
17.417 16.357 15.326 14.399 13.522 12.610 11.787 11.014 10.302 9.641 8.970 8.370 7.800 7.229 6.673 6.217 5.788 5.414 5.099 4.802 4.567 4.273 4.011 3.765 3.555 3.332 3.150 3.008 2.862 2.757 2.647 2.563 2.516 2.473 2.434 2.406 2.384 2.377 2.370 2.358 2.352 2.358 2.370 2.377 2.384 2.406 2.434 2.473 2.516 2.563 2.647 2.757 2.862 3.008 3.150 3.332 3.555 3.765 4.011 4.273 4.567 4.802 5.099 5.414 5.788 6.217 6.673 7.229 7.800 8.370 8.970 9.641 10.302 11.014 11.787 12.610 13.522 14.399 15.326 16.357 17.417 
18.104 17.026 16.010 15.043 14.172 13.216 12.380 11.592 10.867 10.158 9.541 8.873 8.346 7.751 7.179 6.673 6.226 5.842 5.465 5.157 4.891 4.635 4.379 4.119 3.897 3.700 3.479 3.301 3.139 3.002 2.904 2.816 2.723 2.653 2.596 2.562 2.526 2.498 2.485 2.474 2.477 2.474 2.485 2.498 2.526 2.562 2.596 2.653 2.723 2.816 2.904 3.002 3.139 3.301 3.479 3.700 3.897 4.119 4.379 4.635 4.891 5.157 5.465 5.842 6.226 6.673 7.179 7.751 8.346 8.873 9.541 10.158 10.867 11.592 12.380 13.216 14.172 15.043 16.010 17.026 18.104 
18.808 17.702 16.687 15.709 14.759 13.925 13.022 12.200 11.457 10.733 10.066 9.450 8.870 8.319 7.751 7.229 6.718 6.304 5.906 5.542 5.228 4.988 4.737 4.509 4.260 4.049 3.862 3.676 3.494 3.328 3.193 3.074 2.997 2.906 2.844 2.785 2.746 2.707 2.693 2.678 2.669 2.678 2.693 2.707 2.746 2.785 2.844 2.906 2.997 3.074 3.193 3.328 3.494 3.676 3.862 4.049 4.260 4.509 4.737 4.988 5.228 5.542 5.906 6.304 6.718 7.229 7.751 8.319 8.870 9.450 10.066 10.733 11.457 12.200 13.022 13.925 14.759 15.709 16.687 17.702 18.808 
19.576 18.422 17.427 16.437 15.476 14.608 13.727 12.911 12.089 11.339 10.691 10.048 9.450 8.870 8.346 7.800 7.280 6.817 6.418 6.016 5.653 5.350 5.089 4.875 4.645 4.439 4.234 4.038 3.867 3.706 3.572 3.440 3.317 3.206 3.137 3.086 3.027 2.985 2.959 2.944 2.944 2.944 2.959 2.985 3.027 3.086 3.137 3.206 3.317 3.440 3.572 3.706 3.867 4.038 4.234 4.439 4.645 4.875 5.089 5.350 5.653 6.016 6.418 6.817 7.280 7.800 8.346 8.870 9.450 10.048 10.691 11.339 12.089 12.911 13.727 14.608 15.476 16.437 17.427 18.422 19.576 
20.365 19.257 18.148 17.188 16.195 15.308 14.478 13.601 12.811 12.005 11.299 10.651 10.048 9.450 8.873 8.370 7.880 7.416 6.971 6.531 6.122 5.798 5.505 5.244 5.033 4.822 4.627 4.447 4.261 4.092 3.960 3.831 3.733 3.606 3.524 3.451 3.384 3.341 3.302 3.277 3.268 3.277 3.302 3.341 3.384 3.451 3.524 3.606 3.733 3.831 3.960 4.092 4.261 4.447 4.627 4.822 5.033 5.244 5.505 5.798 6.122 6.531 6.971 7.416 7.880 8.370 8.873 9.450 10.048 10.651 11.299 12.005 12.811 13.601 14.478 15.308 16.195 17.188 18.148 19.257 20.365 
21.187 20.051 18.969 17.929 16.989 16.039 15.156 14.338 13.509 12.744 11.968 11.299 10.691 10.066 9.541 8.970 8.494 8.022 7.566 7.123 6.678 6.321 5.993 5.700 5.445 5.226 5.026 4.863 4.691 4.521 4.374 4.243 4.129 4.029 3.944 3.866 3.816 3.752 3.719 3.707 3.680 3.707 3.719 3.752 3.816 3.866 3.944 4.029 4.129 4.243 4.374 4.521 4.691 4.863 5.026 5.226 5.445 5.700 5.993 6.321 6.678 7.123 7.566 8.022 8.494 8.970 9.541 10.066 10.691 11.299 11.968 12.744 13.509 14.338 15.156 16.039 16.989 17.929 18.969 20.051 21.187 
22.077 20.915 19.828 18.769 17.731 16.853 15.940 15.071 14.251 13.469 12.744 12.005 11.339 10.733 10.158 9.641 9.104 8.633 8.187 7.736 7.302 6.884 6.547 6.242 5.938 5.701 5.442 5.260 5.082 4.931 4.796 4.668 4.547 4.440 4.351 4.286 4.209 4.173 4.153 4.124 4.112 4.124 4.153 4.173 4.209 4.286 4.351 4.440 4.547 4.668 4.796 4.931 5.082 5.260 5.442 5.701 5.938 6.242 6.547 6.884 7.302 7.736 8.187 8.633 9.104 9.641 10.158 10.733 11.339 12.005 12.744 13.469 14.251 15.071 15.940 16.853 17.731 18.769 19.828 20.915 22.077 
23.037 21.823 20.723 19.647 18.621 17.648 16.805 15.853 15.095 14.251 13.509 12.811 12.089 11.457 10.867 10.302 9.756 9.246 8.817 8.382 7.948 7.559 7.144 6.819 6.503 6.212 5.970 5.744 5.532 5.381 5.220 5.079 4.969 4.849 4.780 4.727 4.657 4.607 4.579 4.573 4.573 4.573 4.579 4.607 4.657 4.727 4.780 4.849 4.969 5.079 5.220 5.381 5.532 5.744 5.970 6.212 6.503 6.819 7.144 7.559 7.948 8.382 8.817 9.246 9.756 10.302 10.867 11.457 12.089 12.811 13.509 14.251 15.095 15.853 16.805 17.648 18.621 19.647 20.723 21.823 23.037 
23.990 22.824 21.586 20.580 19.545 18.560 17.640 16.709 15.853 15.071 14.338 13.601 12.911 12.200 11.592 11.014 10.475 9.973 9.475 9.026 8.638 8.216 7.848 7.489 7.157 6.822 6.563 6.308 6.070 5.875 5.719 5.530 5.410 5.301 5.226 5.151 5.108 5.050 5.015 5.005 4.994 5.005 5.015 5.050 5.108 5.151 5.226 5.301 5.410 5.530 5.719 5.875 6.070 6.308 6.563 6.822 7.157 7.489 7.848 8.216 8.638 9.026 9.475 9.973 10.475 11.014 11.592 12.200 12.911 13.601 14.338 15.071 15.853 16.709 17.640 18.560 19.545 20.580 21.586 22.824 23.990 
25.072 23.751 22.519 21.412 20.447 19.446 18.532 17.640 16.805 15.940 15.156 14.478 13.727 13.022 12.380 11.787 11.204 10.697 10.166 9.737 9.309 8.910 8.510 8.175 7.824 7.528 7.238 6.971 6.721 6.523 6.285 6.129 5.987 5.864 5.738 5.643 5.587 5.542 5.494 5.476 5.470 5.476 5.494 5.542 5.587 5.643 5.738 5.864 5.987 6.129 6.285 6.523 6.721 6.971 7.238 7.528 7.824 8.175 8.510 8.910 9.309 9.737 10.166 10.697 11.204 11.787 12.380 13.022 13.727 14.478 15.156 15.940 16.805 17.640 18.532 19.446 20.447 21.412 22.519 23.751 25.072 
26.188 24.879 23.620 22.434 21.386 20.459 19.446 18.560 17.648 16.853 16.039 15.308 14.608 13.925 13.216 12.610 12.022 11.449 10.967 10.483 10.045 9.632 9.244 8.882 8.547 8.230 7.950 7.690 7.402 7.173 6.974 6.761 6.618 6.476 6.369 6.263 6.159 6.118 6.073 6.029 6.034 6.029 6.073 6.118 6.159 6.263 6.369 6.476 6.618 6.761 6.974 7.173 7.402 7.690 7.950 8.230 8.547 8.882 9.244 9.632 10.045 10.483 10.967 11.449 12.022 12.610 13.216 13.925 14.608 15.308 16.039 16.853 17.648 18.560 19.446 20.459 21.386 22.434 23.620 24.879 26.188 
27.326 25.939 24.693 23.506 22.356 21.386 20.447 19.545 18.621 17.731 16.989 16.195 15.476 14.759 14.172 13.522 12.913 12.310 11.789 11.302 10.822 10.381 9.971 9.581 9.294 8.991 8.710 8.383 8.155 7.881 7.672 7.472 7.321 7.177 7.035 6.944 6.857 6.782 6.750 6.688 6.646 6.688 6.750 6.782 6.857 6.944 7.035 7.177 7.321 7.472 7.672 7.881 8.155 8.383 8.710 8.991 9.294 9.581 9.971 10.381 10.822 11.302 11.789 12.310 12.913 13.522 14.172 14.759 15.476 16.195 16.989 17.731 18.621 19.545 20.447 21.386 22.356 23.506 24.693 25.939 27.326 
28.535 27.206 25.897 24.703 23.506 22.434 21.412 20.580 19.647 18.769 17.929 17.188 16.437 15.709 15.043 14.399 13.838 13.246 12.664 12.155 11.662 11.205 10.789 10.386 10.067 9.735 9.441 9.154 8.907 8.674 8.427 8.226 8.103 7.914 7.783 7.684 7.605 7.519 7.462 7.410 7.391 7.410 7.462 7.519 7.605 7.684 7.783 7.914 8.103 8.226 8.427 8.674 8.907 9.154 9.441 9.735 10.067 10.386 10.789 11.205 11.662 12.155 12.664 13.246 13.838 14.399 15.043 15.709 16.437 17.188 17.929 18.769 19.647 20.580 21.412 22.434 23.506 24.703 25.897 27.206 28.535 
29.804 28.511 27.199 25.897 24.693 23.620 22.519 21.586 20.723 19.828 18.969 18.148 17.427 16.687 16.010 15.326 14.760 14.159 13.571 13.047 12.570 12.124 11.644 11.237 10.922 10.561 10.256 9.947 9.707 9.434 9.217 9.018 8.842 8.704 8.579 8.494 8.386 8.300 8.259 8.207 8.182 8.207 8.259 8.300 8.386 8.494 8.579 8.704 8.842 9.018 9.217 9.434 9.707 9.947 10.256 10.561 10.922 11.237 11.644 12.124 12.570 13.047 13.571 14.159 14.760 15.326 16.010 16.687 17.427 18.148 18.969 19.828 20.723 21.586 22.519 23.620 24.693 25.897 27.199 28.511 29.804 
31.298 29.797 28.511 27.206 25.939 24.879 23.751 22.824 21.823 20.915 20.051 19.257 18.422 17.702 17.026 16.357 15.763 15.156 14.535 14.019 13.474 13.022 12.598 12.186 11.861 11.448 11.124 10.814 10.537 10.253 9.999 9.782 9.621 9.480 9.374 9.270 9.178 9.119 9.027 9.004 8.974 9.004 9.027 9.119 9.178 9.270 9.374 9.480 9.621 9.782 9.999 10.253 10.537 10.814 11.124 11.448 11.861 12.186 12.598 13.022 13.474 14.019 14.535 15.156 15.763 16.357 17.026 17.702 18.422 19.257 20.051 20.915 21.823 22.824 23.751 24.879 25.939 27.206 28.511 29.797 31.298 
32.794 31.298 29.804 28.535 27.326 26.188 25.072 23.990 23.037 22.077 21.187 20.365 19.576 18.808 18.104 17.417 16.843 16.235 15.597 15.038 14.503 14.022 13.566 13.171 12.771 12.411 12.041 11.712 11.446 11.185 10.914 10.717 10.535 10.366 10.223 10.128 10.035 9.923 9.859 9.838 9.797 9.838 9.859 9.923 10.035 10.128 10.223 10.366 10.535 10.717 10.914 11.185 11.446 11.712 12.041 12.411 12.771 13.171 13.566 14.022 14.503 15.038 15.597 16.235 16.843 17.417 18.104 18.808 19.576 20.365 21.187 22.077 23.037 23.990 25.072 26.188 27.326 28.535 29.804 31.298 32.794 
