34.598 32.656 30.740 28.972 27.357 25.643 24.406 22.974 21.664 20.530 19.381 18.375 17.459 16.625 15.893 15.366 14.900 14.662 14.400 14.252 14.164 14.252 14.400 14.662 14.900 15.366 15.893 16.625 17.459 18.375 19.381 20.530 21.664 22.974 24.406 25.643 27.357 28.972 30.740 32.656 34.598 
32.667 30.606 28.938 26.930 25.218 23.780 22.351 21.037 19.728 18.594 17.457 16.430 15.605 14.824 14.198 13.613 13.093 12.795 12.593 12.447 12.378 12.447 12.593 12.795 13.093 13.613 14.198 14.824 15.605 16.430 17.457 18.594 19.728 21.037 22.351 23.780 25.218 26.930 28.938 30.606 32.667 
30.782 28.934 26.923 24.976 23.296 21.743 20.383 19.142 17.806 16.753 15.592 14.575 13.650 12.820 12.228 11.777 11.320 10.974 10.729 10.561 10.548 10.561 10.729 10.974 11.320 11.777 12.228 12.820 13.650 14.575 15.592 16.753 17.806 19.142 20.383 21.743 23.296 24.976 26.923 28.934 30.782 
29.041 26.946 24.955 23.229 21.525 20.034 18.581 17.347 16.170 14.974 13.683 12.748 11.877 11.123 10.503 9.836 9.339 8.883 8.630 8.523 8.468 8.523 8.630 8.883 9.339 9.836 10.503 11.123 11.877 12.748 13.683 14.974 16.170 17.347 18.581 20.034 21.525 23.229 24.955 26.946 29.041 
27.364 25.267 23.340 21.526 19.881 18.395 17.013 15.668 14.380 13.040 12.013 11.100 10.181 9.293 8.566 8.085 7.728 7.541 7.427 7.359 7.300 7.359 7.427 7.541 7.728 8.085 8.566 9.293 10.181 11.100 12.013 13.040 14.380 15.668 17.013 18.395 19.881 21.526 23.340 25.267 27.364 
25.668 23.829 21.756 20.048 18.408 16.828 15.442 14.081 12.733 11.566 10.469 9.342 8.469 7.800 7.436 7.242 7.289 7.306 7.283 7.271 7.293 7.271 7.283 7.306 7.289 7.242 7.436 7.800 8.469 9.342 10.469 11.566 12.733 14.081 15.442 16.828 18.408 20.048 21.756 23.829 25.668 
24.468 22.368 20.450 18.621 17.022 15.451 14.081 12.508 11.314 10.054 8.771 7.913 7.412 7.196 7.292 7.279 7.192 7.104 7.027 7.031 6.967 7.031 7.027 7.104 7.192 7.279 7.292 7.196 7.412 7.913 8.771 10.054 11.314 12.508 14.081 15.451 17.022 18.621 20.450 22.368 24.468 
22.995 21.043 19.195 17.387 15.671 14.091 12.518 11.214 9.810 8.475 7.634 7.217 7.243 7.230 7.126 6.965 6.765 6.554 6.444 6.408 6.400 6.408 6.444 6.554 6.765 6.965 7.126 7.230 7.243 7.217 7.634 8.475 9.810 11.214 12.518 14.091 15.671 17.387 19.195 21.043 22.995 
21.678 19.785 17.867 16.215 14.414 12.758 11.317 9.812 8.372 7.538 7.239 7.295 7.190 6.956 6.597 6.426 6.337 6.350 6.336 6.303 6.276 6.303 6.336 6.350 6.337 6.426 6.597 6.956 7.190 7.295 7.239 7.538 8.372 9.812 11.317 12.758 14.414 16.215 17.867 19.785 21.678 
20.649 18.651 16.795 14.984 13.068 11.620 10.058 8.483 7.542 7.249 7.292 7.098 6.760 6.377 6.280 6.335 6.266 6.114 6.065 6.058 6.059 6.058 6.065 6.114 6.266 6.335 6.280 6.377 6.760 7.098 7.292 7.249 7.542 8.483 10.058 11.620 13.068 14.984 16.795 18.651 20.649 
19.301 17.467 15.646 13.723 12.059 10.509 8.800 7.647 7.239 7.293 7.086 6.673 6.319 6.298 6.196 6.078 6.024 5.970 5.919 5.887 5.875 5.887 5.919 5.970 6.024 6.078 6.196 6.298 6.319 6.673 7.086 7.293 7.239 7.647 8.800 10.509 12.059 13.723 15.646 17.467 19.301 
18.478 16.528 14.634 12.782 11.122 9.371 7.927 7.233 7.289 7.101 6.673 6.321 6.286 6.068 6.024 5.944 5.810 5.899 6.096 6.176 6.163 6.176 6.096 5.899 5.810 5.944 6.024 6.068 6.286 6.321 6.673 7.101 7.289 7.233 7.927 9.371 11.122 12.782 14.634 16.528 18.478 
17.525 15.687 13.715 11.928 10.216 8.491 7.441 7.244 7.195 6.757 6.319 6.288 6.045 6.022 5.842 5.938 6.207 6.439 6.623 6.745 6.802 6.745 6.623 6.439 6.207 5.938 5.842 6.022 6.045 6.288 6.319 6.757 7.195 7.244 7.441 8.491 10.216 11.928 13.715 15.687 17.525 
16.609 14.868 12.875 11.172 9.351 7.831 7.190 7.224 6.956 6.383 6.301 6.078 6.019 5.865 6.092 6.415 6.701 7.055 7.278 7.413 7.452 7.413 7.278 7.055 6.701 6.415 6.092 5.865 6.019 6.078 6.301 6.383 6.956 7.224 7.190 7.831 9.351 11.172 12.875 14.868 16.609 
15.953 14.276 12.303 10.581 8.627 7.452 7.289 7.134 6.618 6.276 6.217 6.021 5.841 6.087 6.454 6.898 7.304 7.740 8.097 8.251 8.261 8.251 8.097 7.740 7.304 6.898 6.454 6.087 5.841 6.021 6.217 6.276 6.618 7.134 7.289 7.452 8.627 10.581 12.303 14.276 15.953 
15.453 13.674 11.838 9.926 8.153 7.254 7.284 6.976 6.434 6.342 6.080 5.944 5.938 6.415 6.894 7.398 7.925 8.319 8.682 8.938 8.990 8.938 8.682 8.319 7.925 7.398 6.894 6.415 5.938 5.944 6.080 6.342 6.434 6.976 7.284 7.254 8.153 9.926 11.838 13.674 15.453 
14.993 13.168 11.405 9.383 7.761 7.283 7.193 6.782 6.330 6.290 6.027 5.818 6.196 6.692 7.307 7.922 8.464 8.986 9.269 9.554 9.673 9.554 9.269 8.986 8.464 7.922 7.307 6.692 6.196 5.818 6.027 6.290 6.330 6.782 7.193 7.283 7.761 9.383 11.405 13.168 14.993 
14.794 12.874 11.072 8.965 7.575 7.307 7.113 6.564 6.348 6.144 5.970 5.895 6.423 7.053 7.732 8.318 8.987 9.417 9.897 10.082 10.159 10.082 9.897 9.417 8.987 8.318 7.732 7.053 6.423 5.895 5.970 6.144 6.348 6.564 7.113 7.307 7.575 8.965 11.072 12.874 14.794 
14.517 12.682 10.800 8.672 7.443 7.279 7.061 6.472 6.341 6.066 5.921 6.082 6.608 7.256 8.091 8.669 9.265 9.894 10.194 10.394 10.496 10.394 10.194 9.894 9.265 8.669 8.091 7.256 6.608 6.082 5.921 6.066 6.341 6.472 7.061 7.279 7.443 8.672 10.800 12.682 14.517 
14.333 12.552 10.633 8.580 7.391 7.275 7.030 6.413 6.327 6.069 5.887 6.163 6.739 7.413 8.239 8.927 9.554 10.080 10.399 10.725 10.831 10.725 10.399 10.080 9.554 8.927 8.239 7.413 6.739 6.163 5.887 6.069 6.327 6.413 7.030 7.275 7.391 8.580 10.633 12.552 14.333 
14.332 12.478 10.622 8.515 7.318 7.287 6.991 6.412 6.287 6.062 5.898 6.154 6.780 7.435 8.254 8.989 9.667 10.159 10.492 10.831 10.955 10.831 10.492 10.159 9.667 8.989 8.254 7.435 6.780 6.154 5.898 6.062 6.287 6.412 6.991 7.287 7.318 8.515 10.622 12.478 14.332 
14.333 12.552 10.633 8.580 7.391 7.275 7.030 6.413 6.327 6.069 5.887 6.163 6.739 7.413 8.239 8.927 9.554 10.080 10.399 10.725 10.831 10.725 10.399 10.080 9.554 8.927 8.239 7.413 6.739 6.163 5.887 6.069 6.327 6.413 7.030 7.275 7.391 8.580 10.633 12.552 14.333 
14.517 12.682 10.800 8.672 7.443 7.279 7.061 6.472 6.341 6.066 5.921 6.082 6.608 7.256 8.091 8.669 9.265 9.894 10.194 10.394 10.496 10.394 10.194 9.894 9.265 8.669 8.091 7.256 6.608 6.082 5.921 6.066 6.341 6.472 7.061 7.279 7.443 8.672 10.800 12.682 14.517 
14.794 12.874 11.072 8.965 7.575 7.307 7.113 6.564 6.348 6.144 5.970 5.895 6.423 7.053 7.732 8.318 8.987 9.417 9.897 10.082 10.159 10.082 9.897 9.417 8.987 8.318 7.732 7.053 6.423 5.895 5.970 6.144 6.348 6.564 7.113 7.307 7.575 8.965 11.072 12.874 14.794 
14.993 13.168 11.405 9.383 7.761 7.283 7.193 6.782 6.330 6.290 6.027 5.818 6.196 6.692 7.307 7.922 8.464 8.986 9.269 9.554 9.673 9.554 9.269 8.986 8.464 7.922 7.307 6.692 6.196 5.818 6.027 6.290 6.330 6.782 7.193 7.283 7.761 9.383 11.405 13.168 14.993 
15.453 13.674 11.838 9.926 8.153 7.254 7.284 6.976 6.434 6.342 6.080 5.944 5.938 6.415 6.894 7.398 7.925 8.319 8.682 8.938 8.990 8.938 8.682 8.319 7.925 7.398 6.894 6.415 5.938 5.944 6.080 6.342 6.434 6.976 7.284 7.254 8.153 9.926 11.838 13.674 15.453 
15.953 14.276 12.303 10.581 8.627 7.452 7.289 7.134 6.618 6.276 6.217 6.021 5.841 6.087 6.454 6.898 7.304 7.740 8.097 8.251 8.261 8.251 8.097 7.740 7.304 6.898 6.454 6.087 5.841 6.021 6.217 6.276 6.618 7.134 7.289 7.452 8.627 10.581 12.303 14.276 15.953 
16.609 14.868 12.875 11.172 9.351 7.831 7.190 7.224 6.956 6.383 6.301 6.078 6.019 5.865 6.092 6.415 6.701 7.055 7.278 7.413 7.452 7.413 7.278 7.055 6.701 6.415 6.092 5.865 6.019 6.078 6.301 6.383 6.956 7.224 7.190 7.831 9.351 11.172 12.875 14.868 16.609 
17.525 15.687 13.715 11.928 10.216 8.491 7.441 7.244 7.195 6.757 6.319 6.288 6.045 6.022 5.842 5.938 6.207 6.439 6.623 6.745 6.802 6.745 6.623 6.439 6.207 5.938 5.842 6.022 6.045 6.288 6.319 6.757 7.195 7.244 7.441 8.491 10.216 11.928 13.715 15.687 17.525 
18.478 16.528 14.634 12.782 11.122 9.371 7.927 7.233 7.289 7.101 6.673 6.321 6.286 6.068 6.024 5.944 5.810 5.899 6.096 6.176 6.163 6.176 6.096 5.899 5.810 5.944 6.024 6.068 6.286 6.321 6.673 7.101 7.289 7.233 7.927 9.371 11.122 12.782 14.634 16.528 18.478 
19.301 17.467 15.646 13.723 12.059 10.509 8.800 7.647 7.239 7.293 7.086 6.673 6.319 6.298 6.196 6.078 6.024 5.970 5.919 5.887 5.875 5.887 5.919 5.970 6.024 6.078 6.196 6.298 6.319 6.673 7.086 7.293 7.239 7.647 8.800 10.509 12.059 13.723 15.646 17.467 19.301 
20.649 18.651 16.795 14.984 13.068 11.620 10.058 8.483 7.542 7.249 7.292 7.098 6.760 6.377 6.280 6.335 6.266 6.114 6.065 6.058 6.059 6.058 6.065 6.114 6.266 6.335 6.280 6.377 6.760 7.098 7.292 7.249 7.542 8.483 10.058 11.620 13.068 14.984 16.795 18.651 20.649 
21.678 19.785 17.867 16.215 14.414 12.758 11.317 9.812 8.372 7.538 7.239 7.295 7.190 6.956 6.597 6.426 6.337 6.350 6.336 6.303 6.276 6.303 6.336 6.350 6.337 6.426 6.597 6.956 7.190 7.295 7.239 7.538 8.372 9.812 11.317 12.758 14.414 16.215 17.867 19.785 21.678 
22.995 21.043 19.195 17.387 15.671 14.091 12.518 11.214 9.810 8.475 7.634 7.217 7.243 7.230 7.126 6.965 6.765 6.554 6.444 6.408 6.400 6.408 6.444 6.554 6.765 6.965 7.126 7.230 7.243 7.217 7.634 8.475 9.810 11.214 12.518 14.091 15.671 17.387 19.195 21.043 22.995 
24.468 22.368 20.450 18.621 17.022 15.451 14.081 12.508 11.314 10.054 8.771 7.913 7.412 7.196 7.292 7.279 7.192 7.104 7.027 7.031 6.967 7.031 7.027 7.104 7.192 7.279 7.292 7.196 7.412 7.913 8.771 10.054 11.314 12.508 14.081 15.451 17.022 18.621 20.450 22.368 24.468 
25.668 23.829 21.756 20.048 18.408 16.828 15.442 14.081 12.733 11.566 10.469 9.342 8.469 7.800 7.436 7.242 7.289 7.306 7.283 7.271 7.293 7.271 7.283 7.306 7.289 7.242 7.436 7.800 8.469 9.342 10.469 11.566 12.733 14.081 15.442 16.828 18.408 20.048 21.756 23.829 25.668 
27.364 25.267 23.340 21.526 19.881 18.395 17.013 15.668 14.380 13.040 12.013 11.100 10.181 9.293 8.566 8.085 7.728 7.541 7.427 7.359 7.300 7.359 7.427 7.541 7.728 8.085 8.566 9.293 10.181 11.100 12.013 13.040 14.380 15.668 17.013 18.395 19.881 21.526 23.340 25.267 27.364 
29.041 26.946 24.955 23.229 21.525 20.034 18.581 17.347 16.170 14.974 13.683 12.748 11.877 11.123 10.503 9.836 9.339 8.883 8.630 8.523 8.468 8.523 8.630 8.883 9.339 9.836 10.503 11.123 11.877 12.748 13.683 14.974 16.170 17.347 18.581 20.034 21.525 23.229 24.955 26.946 29.041 
30.782 28.934 26.923 24.976 23.296 21.743 20.383 19.142 17.806 16.753 15.592 14.575 13.650 12.820 12.228 11.777 11.320 10.974 10.729 10.561 10.548 10.561 10.729 10.974 11.320 11.777 12.228 12.820 13.650 14.575 15.592 16.753 17.806 19.142 20.383 21.743 23.296 24.976 26.923 28.934 30.782 
32.667 30.606 28.938 26.930 25.218 23.780 22.351 21.037 19.728 18.594 17.457 16.430 15.605 14.824 14.198 13.613 13.093 12.795 12.593 12.447 12.378 12.447 12.593 12.795 13.093 13.613 14.198 14.824 15.605 16.430 17.457 18.594 19.728 21.037 22.351 23.780 25.218 26.930 28.938 30.606 32.667 
34.598 32.656 30.740 28.972 27.357 25.643 24.406 22.974 21.664 20.530 19.381 18.375 17.459 16.625 15.893 15.366 14.900 14.662 14.400 14.252 14.164 14.252 14.400 14.662 14.900 15.366 15.893 16.625 17.459 18.375 19.381 20.530 21.664 22.974 24.406 25.643 27.357 28.972 30.740 32.656 34.598 
