26.394 26.482 24.977 23.466 22.223 20.942 19.673 18.636 17.450 16.598 15.720 15.095 14.416 13.817 13.320 12.837 12.402 12.143 11.868 11.717 11.643 11.717 11.868 12.143 12.402 12.837 13.320 13.817 14.416 15.095 15.720 16.598 17.450 18.636 19.673 20.942 22.223 23.466 24.977 26.482 26.394 
25.953 25.000 23.235 21.969 20.654 19.305 18.257 17.143 16.297 15.564 14.639 13.812 13.224 12.584 11.987 11.457 11.053 10.726 10.531 10.389 10.314 10.389 10.531 10.726 11.053 11.457 11.987 12.584 13.224 13.812 14.639 15.564 16.297 17.143 18.257 19.305 20.654 21.969 23.235 25.000 25.953 
24.957 23.251 21.834 20.559 19.130 17.998 16.833 15.936 14.973 14.007 13.168 12.325 11.517 10.824 10.219 9.745 9.399 9.087 8.856 8.750 8.737 8.750 8.856 9.087 9.399 9.745 10.219 10.824 11.517 12.325 13.168 14.007 14.973 15.936 16.833 17.998 19.130 20.559 21.834 23.251 24.957 
23.532 22.008 20.520 19.150 17.814 16.619 15.565 14.597 13.508 12.517 11.575 10.688 9.965 9.325 8.738 8.295 7.896 7.658 7.400 7.307 7.255 7.307 7.400 7.658 7.896 8.295 8.738 9.325 9.965 10.688 11.575 12.517 13.508 14.597 15.565 16.619 17.814 19.150 20.520 22.008 23.532 
22.246 20.666 19.180 17.862 16.534 15.450 14.412 13.183 12.048 10.991 10.059 9.271 8.496 7.880 7.367 7.030 6.782 6.570 6.441 6.387 6.356 6.387 6.441 6.570 6.782 7.030 7.367 7.880 8.496 9.271 10.059 10.991 12.048 13.183 14.412 15.450 16.534 17.862 19.180 20.666 22.246 
21.015 19.339 17.996 16.608 15.454 14.406 13.059 11.761 10.618 9.639 8.757 7.910 7.271 6.836 6.437 6.113 5.916 5.816 5.809 5.811 5.775 5.811 5.809 5.816 5.916 6.113 6.437 6.836 7.271 7.910 8.757 9.639 10.618 11.761 13.059 14.406 15.454 16.608 17.996 19.339 21.015 
19.648 18.287 16.858 15.609 14.428 13.079 11.713 10.410 9.432 8.439 7.537 6.904 6.419 6.011 5.813 5.809 5.764 5.758 5.818 5.817 5.820 5.817 5.818 5.758 5.764 5.809 5.813 6.011 6.419 6.904 7.537 8.439 9.432 10.410 11.713 13.079 14.428 15.609 16.858 18.287 19.648 
18.514 17.224 15.977 14.618 13.205 11.778 10.426 9.364 8.296 7.277 6.676 6.108 5.835 5.751 5.732 5.828 5.855 5.788 5.727 5.749 5.762 5.749 5.727 5.788 5.855 5.828 5.732 5.751 5.835 6.108 6.676 7.277 8.296 9.364 10.426 11.778 13.205 14.618 15.977 17.224 18.514 
17.372 16.323 15.007 13.565 12.078 10.658 9.453 8.294 7.191 6.565 6.003 5.798 5.689 5.836 5.807 5.760 5.781 5.809 5.787 5.764 5.724 5.764 5.787 5.809 5.781 5.760 5.807 5.836 5.689 5.798 6.003 6.565 7.191 8.294 9.453 10.658 12.078 13.565 15.007 16.323 17.372 
16.445 15.621 14.030 12.586 11.007 9.685 8.451 7.302 6.561 5.931 5.810 5.807 5.834 5.751 5.831 5.789 5.746 5.673 5.596 5.526 5.494 5.526 5.596 5.673 5.746 5.789 5.831 5.751 5.834 5.807 5.810 5.931 6.561 7.302 8.451 9.685 11.007 12.586 14.030 15.621 16.445 
15.846 14.728 13.216 11.618 10.109 8.782 7.549 6.685 6.006 5.807 5.821 5.815 5.816 5.830 5.711 5.589 5.410 5.326 5.342 5.395 5.380 5.395 5.342 5.326 5.410 5.589 5.711 5.830 5.816 5.815 5.821 5.807 6.006 6.685 7.549 8.782 10.109 11.618 13.216 14.728 15.846 
15.072 13.933 12.425 10.758 9.335 7.936 6.929 6.133 5.793 5.806 5.811 5.827 5.780 5.631 5.406 5.324 5.496 5.640 5.721 5.771 5.811 5.771 5.721 5.640 5.496 5.324 5.406 5.631 5.780 5.827 5.811 5.806 5.793 6.133 6.929 7.936 9.335 10.758 12.425 13.933 15.072 
14.449 13.309 11.623 10.048 8.560 7.321 6.442 5.833 5.690 5.832 5.816 5.786 5.626 5.340 5.422 5.662 5.768 6.104 6.328 6.492 6.534 6.492 6.328 6.104 5.768 5.662 5.422 5.340 5.626 5.786 5.816 5.832 5.690 5.833 6.442 7.321 8.560 10.048 11.623 13.309 14.449 
13.863 12.694 10.908 9.371 7.943 6.867 6.020 5.759 5.826 5.745 5.838 5.639 5.340 5.505 5.719 6.037 6.420 6.816 7.013 7.151 7.206 7.151 7.013 6.816 6.420 6.037 5.719 5.505 5.340 5.639 5.838 5.745 5.826 5.759 6.020 6.867 7.943 9.371 10.908 12.694 13.863 
13.316 12.055 10.306 8.782 7.432 6.486 5.820 5.696 5.806 5.822 5.727 5.427 5.409 5.715 6.171 6.611 6.995 7.389 7.634 7.706 7.763 7.706 7.634 7.389 6.995 6.611 6.171 5.715 5.409 5.427 5.727 5.822 5.806 5.696 5.820 6.486 7.432 8.782 10.306 12.055 13.316 
12.860 11.560 9.839 8.360 7.057 6.195 5.800 5.825 5.761 5.801 5.584 5.317 5.649 6.024 6.607 7.076 7.556 7.883 8.105 8.248 8.284 8.248 8.105 7.883 7.556 7.076 6.607 6.024 5.649 5.317 5.584 5.801 5.761 5.825 5.800 6.195 7.057 8.360 9.839 11.560 12.860 
12.514 11.154 9.480 7.969 6.819 5.949 5.778 5.857 5.792 5.742 5.416 5.489 5.749 6.410 6.993 7.558 8.014 8.265 8.707 8.887 8.933 8.887 8.707 8.265 8.014 7.558 6.993 6.410 5.749 5.489 5.416 5.742 5.792 5.857 5.778 5.949 6.819 7.969 9.480 11.154 12.514 
12.180 10.826 9.166 7.723 6.616 5.833 5.737 5.791 5.806 5.681 5.336 5.632 6.089 6.807 7.381 7.873 8.265 8.832 9.064 9.226 9.336 9.226 9.064 8.832 8.265 7.873 7.381 6.807 6.089 5.632 5.336 5.681 5.806 5.791 5.737 5.833 6.616 7.723 9.166 10.826 12.180 
11.894 10.609 8.958 7.477 6.479 5.806 5.793 5.714 5.788 5.620 5.338 5.730 6.312 7.000 7.624 8.103 8.698 9.060 9.460 9.704 9.781 9.704 9.460 9.060 8.698 8.103 7.624 7.000 6.312 5.730 5.338 5.620 5.788 5.714 5.793 5.806 6.479 7.477 8.958 10.609 11.894 
11.750 10.509 8.837 7.371 6.425 5.815 5.806 5.747 5.769 5.543 5.383 5.745 6.468 7.139 7.688 8.240 8.881 9.219 9.701 9.911 9.960 9.911 9.701 9.219 8.881 8.240 7.688 7.139 6.468 5.745 5.383 5.543 5.769 5.747 5.806 5.815 6.425 7.371 8.837 10.509 11.750 
11.695 10.390 8.797 7.360 6.401 5.790 5.799 5.746 5.723 5.526 5.354 5.799 6.523 7.191 7.754 8.277 8.927 9.336 9.777 9.960 10.037 9.960 9.777 9.336 8.927 8.277 7.754 7.191 6.523 5.799 5.354 5.526 5.723 5.746 5.799 5.790 6.401 7.360 8.797 10.390 11.695 
11.750 10.509 8.837 7.371 6.425 5.815 5.806 5.747 5.769 5.543 5.383 5.745 6.468 7.139 7.688 8.240 8.881 9.219 9.701 9.911 9.960 9.911 9.701 9.219 8.881 8.240 7.688 7.139 6.468 5.745 5.383 5.543 5.769 5.747 5.806 5.815 6.425 7.371 8.837 10.509 11.750 
11.894 10.609 8.958 7.477 6.479 5.806 5.793 5.714 5.788 5.620 5.338 5.730 6.312 7.000 7.624 8.103 8.698 9.060 9.460 9.704 9.781 9.704 9.460 9.060 8.698 8.103 7.624 7.000 6.312 5.730 5.338 5.620 5.788 5.714 5.793 5.806 6.479 7.477 8.958 10.609 11.894 
12.180 10.826 9.166 7.723 6.616 5.833 5.737 5.791 5.806 5.681 5.336 5.632 6.089 6.807 7.381 7.873 8.265 8.832 9.064 9.226 9.336 9.226 9.064 8.832 8.265 7.873 7.381 6.807 6.089 5.632 5.336 5.681 5.806 5.791 5.737 5.833 6.616 7.723 9.166 10.826 12.180 
12.514 11.154 9.480 7.969 6.819 5.949 5.778 5.857 5.792 5.742 5.416 5.489 5.749 6.410 6.993 7.558 8.014 8.265 8.707 8.887 8.933 8.887 8.707 8.265 8.014 7.558 6.993 6.410 5.749 5.489 5.416 5.742 5.792 5.857 5.778 5.949 6.819 7.969 9.480 11.154 12.514 
12.860 11.560 9.839 8.360 7.057 6.195 5.800 5.825 5.761 5.801 5.584 5.317 5.649 6.024 6.607 7.076 7.556 7.883 8.105 8.248 8.284 8.248 8.105 7.883 7.556 7.076 6.607 6.024 5.649 5.317 5.584 5.801 5.761 5.825 5.800 6.195 7.057 8.360 9.839 11.560 12.860 
13.316 12.055 10.306 8.782 7.432 6.486 5.820 5.696 5.806 5.822 5.727 5.427 5.409 5.715 6.171 6.611 6.995 7.389 7.634 7.706 7.763 7.706 7.634 7.389 6.995 6.611 6.171 5.715 5.409 5.427 5.727 5.822 5.806 5.696 5.820 6.486 7.432 8.782 10.306 12.055 13.316 
13.863 12.694 10.908 9.371 7.943 6.867 6.020 5.759 5.826 5.745 5.838 5.639 5.340 5.505 5.719 6.037 6.420 6.816 7.013 7.151 7.206 7.151 7.013 6.816 6.420 6.037 5.719 5.505 5.340 5.639 5.838 5.745 5.826 5.759 6.020 6.867 7.943 9.371 10.908 12.694 13.863 
14.449 13.309 11.623 10.048 8.560 7.321 6.442 5.833 5.690 5.832 5.816 5.786 5.626 5.340 5.422 5.662 5.768 6.104 6.328 6.492 6.534 6.492 6.328 6.104 5.768 5.662 5.422 5.340 5.626 5.786 5.816 5.832 5.690 5.833 6.442 7.321 8.560 10.048 11.623 13.309 14.449 
15.072 13.933 12.425 10.758 9.335 7.936 6.929 6.133 5.793 5.806 5.811 5.827 5.780 5.631 5.406 5.324 5.496 5.640 5.721 5.771 5.811 5.771 5.721 5.640 5.496 5.324 5.406 5.631 5.780 5.827 5.811 5.806 5.793 6.133 6.929 7.936 9.335 10.758 12.425 13.933 15.072 
15.846 14.728 13.216 11.618 10.109 8.782 7.549 6.685 6.006 5.807 5.821 5.815 5.816 5.830 5.711 5.589 5.410 5.326 5.342 5.395 5.380 5.395 5.342 5.326 5.410 5.589 5.711 5.830 5.816 5.815 5.821 5.807 6.006 6.685 7.549 8.782 10.109 11.618 13.216 14.728 15.846 
16.445 15.621 14.030 12.586 11.007 9.685 8.451 7.302 6.561 5.931 5.810 5.807 5.834 5.751 5.831 5.789 5.746 5.673 5.596 5.526 5.494 5.526 5.596 5.673 5.746 5.789 5.831 5.751 5.834 5.807 5.810 5.931 6.561 7.302 8.451 9.685 11.007 12.586 14.030 15.621 16.445 
17.372 16.323 15.007 13.565 12.078 10.658 9.453 8.294 7.191 6.565 6.003 5.798 5.689 5.836 5.807 5.760 5.781 5.809 5.787 5.764 5.724 5.764 5.787 5.809 5.781 5.760 5.807 5.836 5.689 5.798 6.003 6.565 7.191 8.294 9.453 10.658 12.078 13.565 15.007 16.323 17.372 
18.514 17.224 15.977 14.618 13.205 11.778 10.426 9.364 8.296 7.277 6.676 6.108 5.835 5.751 5.732 5.828 5.855 5.788 5.727 5.749 5.762 5.749 5.727 5.788 5.855 5.828 5.732 5.751 5.835 6.108 6.676 7.277 8.296 9.364 10.426 11.778 13.205 14.618 15.977 17.224 18.514 
19.648 18.287 16.858 15.609 14.428 13.079 11.713 10.410 9.432 8.439 7.537 6.904 6.419 6.011 5.813 5.809 5.764 5.758 5.818 5.817 5.820 5.817 5.818 5.758 5.764 5.809 5.813 6.011 6.419 6.904 7.537 8.439 9.432 10.410 11.713 13.079 14.428 15.609 16.858 18.287 19.648 
21.015 19.339 17.996 16.608 15.454 14.406 13.059 11.761 10.618 9.639 8.757 7.910 7.271 6.836 6.437 6.113 5.916 5.816 5.809 5.811 5.775 5.811 5.809 5.816 5.916 6.113 6.437 6.836 7.271 7.910 8.757 9.639 10.618 11.761 13.059 14.406 15.454 16.608 17.996 19.339 21.015 
22.246 20.666 19.180 17.862 16.534 15.450 14.412 13.183 12.048 10.991 10.059 9.271 8.496 7.880 7.367 7.030 6.782 6.570 6.441 6.387 6.356 6.387 6.441 6.570 6.782 7.030 7.367 7.880 8.496 9.271 10.059 10.991 12.048 13.183 14.412 15.450 16.534 17.862 19.180 20.666 22.246 
23.532 22.008 20.520 19.150 17.814 16.619 15.565 14.597 13.508 12.517 11.575 10.688 9.965 9.325 8.738 8.295 7.896 7.658 7.400 7.307 7.255 7.307 7.400 7.658 7.896 8.295 8.738 9.325 9.965 10.688 11.575 12.517 13.508 14.597 15.565 16.619 17.814 19.150 20.520 22.008 23.532 
24.957 23.251 21.834 20.559 19.130 17.998 16.833 15.936 14.973 14.007 13.168 12.325 11.517 10.824 10.219 9.745 9.399 9.087 8.856 8.750 8.737 8.750 8.856 9.087 9.399 9.745 10.219 10.824 11.517 12.325 13.168 14.007 14.973 15.936 16.833 17.998 19.130 20.559 21.834 23.251 24.957 
25.953 25.000 23.235 21.969 20.654 19.305 18.257 17.143 16.297 15.564 14.639 13.812 13.224 12.584 11.987 11.457 11.053 10.726 10.531 10.389 10.314 10.389 10.531 10.726 11.053 11.457 11.987 12.584 13.224 13.812 14.639 15.564 16.297 17.143 18.257 19.305 20.654 21.969 23.235 25.000 25.953 
26.394 26.482 24.977 23.466 22.223 20.942 19.673 18.636 17.450 16.598 15.720 15.095 14.416 13.817 13.320 12.837 12.402 12.143 11.868 11.717 11.643 11.717 11.868 12.143 12.402 12.837 13.320 13.817 14.416 15.095 15.720 16.598 17.450 18.636 19.673 20.942 22.223 23.466 24.977 26.482 26.394 
