% RZ Dra (Kreiner+ 1994) (ReadMe)
% Differential B photometry of RZ Dra
%
%     HJD      dVmag
%      d       mag
 2448117.3651 -0.362
 2448117.3655 -0.336
 2448117.3658 -0.358
 2448117.3662 -0.345
 2448117.3665 -0.337
 2448117.3669 -0.348
 2448117.3672 -0.344
 2448117.3676 -0.339
 2448117.3679 -0.334
 2448117.3683 -0.330
 2448117.3737 -0.276
 2448117.3741 -0.284
 2448117.3744 -0.266
 2448117.3748 -0.263
 2448117.3751 -0.263
 2448117.3755 -0.259
 2448117.3758 -0.255
 2448117.3762 -0.256
 2448117.3765 -0.250
 2448117.3769 -0.244
 2448117.3826 -0.179
 2448117.3829 -0.167
 2448117.3833 -0.170
 2448117.3836 -0.158
 2448117.3840 -0.151
 2448117.3843 -0.161
 2448117.3846 -0.139
 2448117.3850 -0.138
 2448117.3853 -0.153
 2448117.3857 -0.157
 2448117.3898 -0.062
 2448117.3901 -0.053
 2448117.3904 -0.066
 2448117.3908 -0.048
 2448117.3911 -0.052
 2448117.3948 -0.003
 2448117.3951  0.020
 2448117.3955  0.015
 2448117.3958  0.023
 2448117.3962  0.025
 2448117.3997  0.105
 2448117.4000  0.095
 2448117.4004  0.096
 2448117.4007  0.102
 2448117.4011  0.125
 2448117.4036  0.177
 2448117.4040  0.169
 2448117.4043  0.174
 2448117.4047  0.179
 2448117.4050  0.208
 2448117.4086  0.250
 2448117.4090  0.271
 2448117.4093  0.284
 2448117.4097  0.277
 2448117.4100  0.282
 2448117.4125  0.289
 2448117.4129  0.310
 2448117.4132  0.316
 2448117.4136  0.295
 2448117.4139  0.309
 2448117.4177  0.303
 2448117.4181  0.278
 2448117.4184  0.312
 2448117.4188  0.298
 2448117.4191  0.296
 2448117.4217  0.310
 2448117.4220  0.311
 2448117.4223  0.309
 2448117.4227  0.297
 2448117.4230  0.323
 2448117.4274  0.316
 2448117.4278  0.298
 2448117.4281  0.316
 2448117.4285  0.295
 2448117.4288  0.289
 2448117.4317  0.279
 2448117.4320  0.262
 2448117.4324  0.284
 2448117.4327  0.268
 2448117.4331  0.269
 2448117.4369  0.218
 2448117.4373  0.223
 2448117.4376  0.193
 2448117.4379  0.192
 2448117.4383  0.186
 2448117.4413  0.136
 2448117.4417  0.133
 2448117.4420  0.128
 2448117.4424  0.122
 2448117.4427  0.103
 2448117.4480  0.005
 2448117.4483  0.014
 2448117.4487  0.014
 2448117.4490  0.025
 2448117.4494 -0.008
 2448117.4520 -0.039
 2448117.4524 -0.062
 2448117.4527 -0.048
 2448117.4531 -0.072
 2448117.4534 -0.044
 2448117.4570 -0.128
 2448117.4573 -0.120
 2448117.4577 -0.108
 2448117.4580 -0.126
 2448117.4584 -0.123
 2448117.4609 -0.148
 2448117.4612 -0.173
 2448117.4616 -0.175
 2448117.4619 -0.179
 2448117.4623 -0.184
 2448117.4660 -0.237
 2448117.4663 -0.221
 2448117.4667 -0.228
 2448117.4670 -0.211
 2448117.4674 -0.232
 2448117.4701 -0.285
 2448117.4704 -0.270
 2448117.4708 -0.264
 2448117.4711 -0.295
 2448117.4715 -0.287
 2448117.4753 -0.322
 2448117.4756 -0.310
 2448117.4760 -0.305
 2448117.4859 -0.379
 2448117.4863 -0.383
 2448117.4866 -0.385
 2448117.4948 -0.444
 2448117.4951 -0.432
 2448117.4955 -0.442
 2448117.5039 -0.442
 2448117.5042 -0.446
 2448117.5046 -0.470
 2448117.5110 -0.440
 2448117.5114 -0.454
 2448117.5117 -0.472
 2448117.5121 -0.474
 2448117.5124 -0.468
 2448117.5128 -0.486
 2448117.5131 -0.467
 2448117.5135 -0.475
 2448117.5138 -0.474
 2448117.5142 -0.482
 2448117.5196 -0.512
 2448117.5200 -0.525
 2448117.5203 -0.522
 2448117.5207 -0.521
 2448117.5210 -0.505
 2448117.5214 -0.493
 2448117.5217 -0.486
 2448117.5221 -0.496
 2448117.5224 -0.485
 2448117.5228 -0.488
 2448117.5284 -0.480
 2448117.5287 -0.503
 2448117.5291 -0.510
 2448117.5294 -0.483
 2448117.5298 -0.490
 2448117.5301 -0.489
 2448117.5305 -0.515
 2448117.5308 -0.494
 2448117.5312 -0.513
 2448118.3796 -0.524
 2448118.3799 -0.543
 2448118.3803 -0.525
 2448118.3806 -0.534
 2448118.3810 -0.524
 2448118.3813 -0.535
 2448118.3817 -0.546
 2448118.3820 -0.538
 2448118.3824 -0.541
 2448118.3827 -0.522
 2448118.3858 -0.519
 2448118.3862 -0.544
 2448118.3945 -0.540
 2448118.3948 -0.538
 2448118.4008 -0.533
 2448118.4012 -0.544
 2448118.4077 -0.520
 2448118.4081 -0.548
 2448118.4142 -0.509
 2448118.4145 -0.527
 2448118.4168 -0.500
 2448118.4172 -0.510
 2448120.3882 -0.423
 2448120.3885 -0.422
 2448120.3889 -0.427
 2448120.3892 -0.418
 2448120.3896 -0.428
 2448120.3899 -0.429
 2448120.3903 -0.427
 2448120.3906 -0.436
 2448120.3910 -0.424
 2448120.3913 -0.399
 2448120.3966 -0.372
 2448120.3970 -0.400
 2448120.3973 -0.388
 2448120.3976 -0.399
 2448120.3980 -0.388
 2448120.3983 -0.388
 2448120.3987 -0.406
 2448120.3990 -0.374
 2448120.3994 -0.383
 2448120.3997 -0.365
 2448120.4027 -0.387
 2448120.4031 -0.387
 2448120.4127 -0.354
 2448120.4131 -0.354
 2448120.4187 -0.314
 2448120.4191 -0.318
 2448120.4194 -0.320
 2448120.4198 -0.307
 2448120.4201 -0.315
 2448120.4205 -0.314
 2448120.4208 -0.325
 2448120.4212 -0.325
 2448120.4215 -0.326
 2448120.4218 -0.326
 2448120.4256 -0.304
 2448120.4260 -0.293
 2448120.4263 -0.273
 2448120.4267 -0.279
 2448120.4270 -0.274
 2448120.4311 -0.291
 2448120.4314 -0.274
 2448120.4318 -0.273
 2448120.4321 -0.270
 2448120.4325 -0.282
 2448120.4349 -0.265
 2448120.4352 -0.281
 2448120.4356 -0.283
 2448120.4359 -0.273
 2448120.4362 -0.284
 2448120.4402 -0.276
 2448120.4405 -0.261
 2448120.4409 -0.264
 2448120.4412 -0.264
 2448120.4416 -0.265
 2448120.4439 -0.256
 2448120.4443 -0.284
 2448120.4446 -0.275
 2448120.4450 -0.289
 2448120.4453 -0.289
 2448120.4489 -0.269
 2448120.4493 -0.263
 2448120.4496 -0.274
 2448120.4500 -0.272
 2448120.4503 -0.257
 2448120.4533 -0.284
 2448120.4537 -0.269
 2448120.4540 -0.277
 2448120.4544 -0.252
 2448120.4547 -0.258
 2448120.4595 -0.268
 2448120.4598 -0.277
 2448120.4601 -0.271
 2448120.4605 -0.266
 2448120.4608 -0.263
 2448120.4636 -0.235
 2448120.4639 -0.244
 2448120.4643 -0.257
 2448120.4646 -0.271
 2448120.4695 -0.248
 2448120.4698 -0.269
 2448120.4702 -0.265
 2448120.4705 -0.294
 2448120.4709 -0.313
 2448120.4741 -0.316
 2448120.4744 -0.307
 2448120.4748 -0.299
 2448120.4751 -0.306
 2448120.4754 -0.285
 2448120.4794 -0.296
 2448120.4797 -0.293
 2448120.4801 -0.298
 2448120.4804 -0.293
 2448120.4808 -0.291
 2448120.4832 -0.315
 2448120.4835 -0.306
 2448120.4839 -0.321
 2448120.4842 -0.303
 2448120.4846 -0.329
 2448120.4919 -0.333
 2448120.4922 -0.357
 2448120.4926 -0.347
 2448120.4929 -0.331
 2448120.4933 -0.361
 2448120.4936 -0.342
 2448120.4940 -0.352
 2448120.4943 -0.364
 2448120.4946 -0.370
 2448120.4950 -0.379
 2448120.5003 -0.377
 2448120.5007 -0.378
 2448120.5010 -0.391
 2448120.5014 -0.360
 2448120.5017 -0.389
 2448120.5021 -0.392
 2448120.5024 -0.392
 2448120.5028 -0.392
 2448120.5031 -0.412
 2448120.5034 -0.396
 2448120.5089 -0.379
 2448120.5092 -0.406
 2448120.5096 -0.409
 2448120.5099 -0.401
 2448120.5103 -0.413
 2448120.5106 -0.422
 2448120.5110 -0.425
 2448120.5113 -0.411
 2448120.5117 -0.422
 2448120.5120 -0.401
 2448120.5304 -0.447
 2448120.5307 -0.445
 2448120.5311 -0.443
 2448120.5314 -0.459
 2448120.5318 -0.444
 2448120.5321 -0.466
 2448120.5325 -0.448
 2448120.5328 -0.452
 2448120.5332 -0.445
 2448120.5335 -0.471
 2448120.5405 -0.470
 2448120.5408 -0.458
 2448120.5412 -0.478
 2448120.5415 -0.459
 2448120.5418 -0.464
 2448120.5422 -0.460
 2448120.5425 -0.472
 2448120.5429 -0.455
 2448120.5432 -0.452
 2448120.5436 -0.463
 2448120.5494 -0.474
 2448120.5497 -0.476
 2448120.5501 -0.471
 2448120.5504 -0.468
 2448120.5508 -0.498
 2448120.5511 -0.468
 2448120.5515 -0.471
 2448120.5518 -0.473
 2448120.5522 -0.472
 2448120.5525 -0.470
 2448120.5583 -0.473
 2448120.5586 -0.490
 2448120.5590 -0.492
 2448120.5593 -0.488
 2448120.5597 -0.486
 2448120.5600 -0.502
 2448120.5604 -0.493
 2448120.5607 -0.485
 2448120.5684 -0.531
 2448120.5687 -0.506
 2448120.5691 -0.515
 2448120.5694 -0.507
 2448120.5698 -0.509
 2448120.5701 -0.512
 2448120.5704 -0.511
 2448120.5708 -0.530
 2448120.5711 -0.532
 2448120.5715 -0.519
 2448120.5762 -0.533
 2448120.5765 -0.529
 2448120.5769 -0.519
 2448120.5772 -0.518
 2448120.5776 -0.525
 2448120.5779 -0.526
 2448120.5783 -0.515
 2448120.5786 -0.542
 2448124.4993 -0.456
 2448124.4996 -0.473
 2448124.5000 -0.465
 2448124.5003 -0.463
 2448124.5006 -0.422
 2448124.5010 -0.442
 2448124.5013 -0.453
 2448124.5017 -0.455
 2448124.5020 -0.453
 2448124.5024 -0.458
 2448128.5663 -0.529
 2448128.5667 -0.519
 2448128.5670 -0.524
 2448128.5673 -0.524
 2448128.5677 -0.520
 2448128.5680 -0.519
 2448128.5684 -0.517
 2448128.5687 -0.526
 2448128.5733 -0.523
 2448128.5736 -0.521
 2448128.5739 -0.528
 2448128.5743 -0.530
 2448128.5746 -0.540
 2448128.5750 -0.535
 2448128.5753 -0.527
 2448128.5757 -0.533
 2448128.5806 -0.552
 2448128.5809 -0.543
 2448128.5812 -0.526
 2448128.5816 -0.536
 2448128.5819 -0.532
 2448128.5823 -0.535
 2448128.5826 -0.519
 2448128.5830 -0.554
 2448128.5876 -0.526
 2448128.5880 -0.518
 2448128.5883 -0.521
 2448128.5887 -0.526
 2448128.5890 -0.514
 2448128.5894 -0.527
 2448128.5897 -0.531
 2448128.5901 -0.524
 2448128.5934 -0.521
 2448128.5937 -0.530
 2448128.5941 -0.520
 2448130.4613 -0.497
 2448130.4616 -0.479
 2448130.4619 -0.494
 2448130.4623 -0.488
 2448130.4626 -0.488
 2448130.4630 -0.484
 2448130.4633 -0.501
 2448130.4637 -0.489
 2448130.4640 -0.509
 2448130.4644 -0.503
 2448130.4713 -0.486
 2448130.4716 -0.489
 2448130.4720 -0.502
 2448130.4723 -0.503
 2448130.4727 -0.498
 2448130.4730 -0.495
 2448130.4734 -0.514
 2448130.4737 -0.513
 2448130.4741 -0.508
 2448130.4744 -0.507
 2448130.4802 -0.519
 2448130.4806 -0.516
 2448130.4809 -0.524
 2448130.4813 -0.521
 2448130.4816 -0.531
 2448130.4820 -0.515
 2448130.4823 -0.517
 2448130.4827 -0.521
 2448130.4830 -0.516
 2448130.4834 -0.517
 2448130.4900 -0.531
 2448130.4904 -0.521
 2448130.4907 -0.530
 2448130.4911 -0.522
 2448130.4914 -0.527
 2448130.4918 -0.539
 2448130.4921 -0.530
 2448130.4925 -0.525
 2448130.4928 -0.515
 2448130.4932 -0.521
 2448130.4992 -0.542
 2448130.4995 -0.527
 2448130.4999 -0.533
 2448130.5002 -0.533
 2448130.5006 -0.524
 2448130.5009 -0.528
 2448130.5013 -0.533
 2448130.5016 -0.520
 2448130.5020 -0.527
 2448130.5023 -0.515
 2448130.5156 -0.542
 2448130.5159 -0.544
 2448130.5163 -0.539
 2448130.5166 -0.526
 2448130.5170 -0.526
 2448130.5173 -0.527
 2448130.5177 -0.526
 2448130.5180 -0.535
 2448131.3502 -0.535
 2448131.3506 -0.522
 2448131.3509 -0.512
 2448131.3513 -0.520
 2448131.3516 -0.521
 2448131.3520 -0.537
 2448131.3523 -0.540
 2448131.3526 -0.529
 2448131.3530 -0.537
 2448131.3533 -0.547
 2448131.3591 -0.506
 2448131.3595 -0.508
 2448131.3598 -0.521
 2448131.3602 -0.511
 2448131.3605 -0.503
 2448131.3609 -0.507
 2448131.3612 -0.511
 2448131.3616 -0.511
 2448131.3619 -0.521
 2448131.3623 -0.511
 2448131.3693 -0.485
 2448131.3696 -0.494
 2448131.3699 -0.487
 2448131.3703 -0.489
 2448131.3706 -0.494
 2448131.3710 -0.487
 2448131.3713 -0.492
 2448131.3717 -0.487
 2448131.3720 -0.500
 2448131.3724 -0.492
 2448131.3785 -0.490
 2448131.3788 -0.474
 2448131.3791 -0.490
 2448131.3795 -0.489
 2448131.3798 -0.487
 2448131.3802 -0.482
 2448131.3805 -0.488
 2448131.3809 -0.484
 2448131.3812 -0.478
 2448131.3816 -0.487
 2448131.3888 -0.459
 2448131.3891 -0.464
 2448131.3895 -0.450
 2448131.3898 -0.455
 2448131.3901 -0.468
 2448131.3905 -0.459
 2448131.3908 -0.459
 2448131.3912 -0.465
 2448131.3915 -0.462
 2448131.3919 -0.448
 2448131.3977 -0.424
 2448131.3980 -0.438
 2448131.3984 -0.438
 2448131.3987 -0.433
 2448131.3991 -0.439
 2448131.3994 -0.439
 2448131.3998 -0.440
 2448131.4001 -0.433
 2448131.4005 -0.431
 2448131.4008 -0.431
 2448131.4065 -0.422
 2448131.4069 -0.420
 2448131.4072 -0.413
 2448131.4076 -0.415
 2448131.4079 -0.403
 2448131.4083 -0.403
 2448131.4086 -0.412
 2448131.4090 -0.415
 2448131.4093 -0.413
 2448131.4096 -0.423
