% RZ_Dra_B.txt
%
%
% Description: Relative B-band light curve of RZ Dra (Kreiner et al. 1994)
% 
%
%     HJD      dBmag
%      d       mag
 2448117.3612 -0.607
 2448117.3616 -0.612
 2448117.3619 -0.602
 2448117.3623 -0.604
 2448117.3626 -0.603
 2448117.3630 -0.602
 2448117.3633 -0.603
 2448117.3637 -0.601
 2448117.3640 -0.604
 2448117.3644 -0.608
 2448117.3699 -0.546
 2448117.3703 -0.534
 2448117.3706 -0.534
 2448117.3710 -0.531
 2448117.3713 -0.534
 2448117.3717 -0.521
 2448117.3720 -0.525
 2448117.3723 -0.515
 2448117.3727 -0.526
 2448117.3730 -0.507
 2448117.3788 -0.461
 2448117.3792 -0.449
 2448117.3795 -0.450
 2448117.3798 -0.455
 2448117.3802 -0.454
 2448117.3805 -0.447
 2448117.3809 -0.442
 2448117.3812 -0.438
 2448117.3816 -0.431
 2448117.3819 -0.434
 2448117.3879 -0.352
 2448117.3882 -0.337
 2448117.3886 -0.347
 2448117.3889 -0.318
 2448117.3893 -0.300
 2448117.3921 -0.261
 2448117.3925 -0.263
 2448117.3928 -0.260
 2448117.3932 -0.262
 2448117.3937 -0.255
 2448117.3940 -0.244
 2448117.3978 -0.156
 2448117.3981 -0.158
 2448117.3985 -0.146
 2448117.3988 -0.139
 2448117.3992 -0.136
 2448117.4017 -0.079
 2448117.4020 -0.082
 2448117.4024 -0.055
 2448117.4027 -0.063
 2448117.4031 -0.078
 2448117.4067  0.023
 2448117.4071  0.028
 2448117.4074  0.018
 2448117.4078  0.020
 2448117.4081  0.036
 2448117.4106  0.067
 2448117.4109  0.076
 2448117.4113  0.104
 2448117.4116  0.096
 2448117.4120  0.114
 2448117.4156  0.104
 2448117.4160  0.104
 2448117.4163  0.105
 2448117.4167  0.123
 2448117.4170  0.112
 2448117.4197  0.117
 2448117.4200  0.142
 2448117.4204  0.129
 2448117.4207  0.130
 2448117.4211  0.128
 2448117.4251  0.153
 2448117.4255  0.154
 2448117.4258  0.143
 2448117.4262  0.143
 2448117.4265  0.113
 2448117.4296  0.131
 2448117.4299  0.120
 2448117.4303  0.129
 2448117.4306  0.126
 2448117.4309  0.134
 2448117.4347  0.077
 2448117.4350  0.092
 2448117.4354  0.082
 2448117.4357  0.057
 2448117.4361  0.023
 2448117.4393 -0.016
 2448117.4397 -0.020
 2448117.4400 -0.030
 2448117.4404 -0.035
 2448117.4407 -0.043
 2448117.4457 -0.118
 2448117.4460 -0.127
 2448117.4464 -0.167
 2448117.4467 -0.161
 2448117.4471 -0.166
 2448117.4501 -0.230
 2448117.4504 -0.246
 2448117.4508 -0.245
 2448117.4511 -0.232
 2448117.4515 -0.264
 2448117.4551 -0.318
 2448117.4554 -0.337
 2448117.4558 -0.335
 2448117.4561 -0.339
 2448117.4565 -0.331
 2448117.4590 -0.367
 2448117.4593 -0.357
 2448117.4596 -0.367
 2448117.4600 -0.386
 2448117.4603 -0.386
 2448117.4641 -0.409
 2448117.4644 -0.422
 2448117.4648 -0.434
 2448117.4651 -0.440
 2448117.4655 -0.435
 2448117.4680 -0.462
 2448117.4683 -0.475
 2448117.4687 -0.487
 2448117.4690 -0.486
 2448117.4693 -0.479
 2448117.4741 -0.537
 2448117.4745 -0.552
 2448117.4748 -0.555
 2448117.4847 -0.636
 2448117.4851 -0.601
 2448117.4854 -0.622
 2448117.4935 -0.643
 2448117.4939 -0.647
 2448117.4942 -0.659
 2448117.5023 -0.679
 2448117.5027 -0.690
 2448117.5030 -0.698
 2448117.5071 -0.716
 2448117.5074 -0.709
 2448117.5078 -0.703
 2448117.5081 -0.704
 2448117.5085 -0.721
 2448117.5088 -0.724
 2448117.5092 -0.701
 2448117.5095 -0.702
 2448117.5099 -0.718
 2448117.5102 -0.705
 2448117.5158 -0.701
 2448117.5162 -0.715
 2448117.5165 -0.715
 2448117.5168 -0.723
 2448117.5172 -0.734
 2448117.5175 -0.722
 2448117.5179 -0.728
 2448117.5182 -0.731
 2448117.5186 -0.729
 2448117.5189 -0.732
 2448117.5245 -0.749
 2448117.5248 -0.744
 2448117.5252 -0.743
 2448117.5255 -0.749
 2448117.5259 -0.727
 2448117.5262 -0.723
 2448117.5266 -0.737
 2448117.5269 -0.750
 2448117.5273 -0.752
 2448117.5276 -0.744
 2448118.3759 -0.782
 2448118.3763 -0.782
 2448118.3766 -0.782
 2448118.3770 -0.769
 2448118.3773 -0.780
 2448118.3777 -0.782
 2448118.3780 -0.782
 2448118.3784 -0.777
 2448118.3787 -0.800
 2448118.3791 -0.796
 2448118.3850 -0.770
 2448118.3854 -0.785
 2448118.3936 -0.760
 2448118.3939 -0.783
 2448118.4000 -0.773
 2448118.4003 -0.756
 2448118.4068 -0.765
 2448118.4072 -0.776
 2448118.4133 -0.726
 2448118.4136 -0.762
 2448118.4160 -0.745
 2448118.4164 -0.778
 2448120.3845 -0.675
 2448120.3848 -0.664
 2448120.3852 -0.673
 2448120.3855 -0.670
 2448120.3859 -0.660
 2448120.3862 -0.649
 2448120.3865 -0.649
 2448120.3869 -0.657
 2448120.3872 -0.657
 2448120.3876 -0.658
 2448120.3929 -0.636
 2448120.3933 -0.629
 2448120.3936 -0.622
 2448120.3940 -0.633
 2448120.3943 -0.632
 2448120.3947 -0.630
 2448120.3950 -0.635
 2448120.3954 -0.648
 2448120.3957 -0.630
 2448120.3961 -0.620
 2448120.4018 -0.594
 2448120.4022 -0.606
 2448120.4119 -0.593
 2448120.4122 -0.602
 2448120.4151 -0.589
 2448120.4155 -0.576
 2448120.4158 -0.580
 2448120.4162 -0.573
 2448120.4165 -0.581
 2448120.4168 -0.571
 2448120.4172 -0.577
 2448120.4175 -0.575
 2448120.4179 -0.573
 2448120.4182 -0.577
 2448120.4235 -0.578
 2448120.4238 -0.552
 2448120.4242 -0.550
 2448120.4245 -0.531
 2448120.4248 -0.549
 2448120.4292 -0.547
 2448120.4296 -0.542
 2448120.4299 -0.541
 2448120.4303 -0.528
 2448120.4306 -0.535
 2448120.4330 -0.548
 2448120.4333 -0.523
 2448120.4337 -0.525
 2448120.4340 -0.529
 2448120.4344 -0.560
 2448120.4383 -0.517
 2448120.4386 -0.525
 2448120.4390 -0.514
 2448120.4393 -0.529
 2448120.4397 -0.524
 2448120.4421 -0.529
 2448120.4424 -0.516
 2448120.4428 -0.539
 2448120.4431 -0.544
 2448120.4435 -0.536
 2448120.4470 -0.531
 2448120.4474 -0.528
 2448120.4477 -0.533
 2448120.4481 -0.521
 2448120.4484 -0.524
 2448120.4509 -0.509
 2448120.4513 -0.531
 2448120.4516 -0.511
 2448120.4520 -0.508
 2448120.4523 -0.532
 2448120.4573 -0.542
 2448120.4576 -0.509
 2448120.4580 -0.527
 2448120.4583 -0.519
 2448120.4587 -0.493
 2448120.4614 -0.503
 2448120.4618 -0.533
 2448120.4621 -0.513
 2448120.4625 -0.516
 2448120.4628 -0.503
 2448120.4676 -0.539
 2448120.4680 -0.539
 2448120.4683 -0.528
 2448120.4687 -0.530
 2448120.4690 -0.544
 2448120.4716 -0.524
 2448120.4720 -0.531
 2448120.4723 -0.539
 2448120.4727 -0.527
 2448120.4730 -0.531
 2448120.4772 -0.537
 2448120.4776 -0.549
 2448120.4779 -0.538
 2448120.4783 -0.536
 2448120.4786 -0.556
 2448120.4813 -0.535
 2448120.4817 -0.551
 2448120.4820 -0.536
 2448120.4824 -0.544
 2448120.4827 -0.545
 2448120.4878 -0.545
 2448120.4882 -0.554
 2448120.4885 -0.542
 2448120.4889 -0.569
 2448120.4892 -0.560
 2448120.4896 -0.553
 2448120.4899 -0.555
 2448120.4903 -0.556
 2448120.4906 -0.558
 2448120.4909 -0.565
 2448120.4966 -0.602
 2448120.4969 -0.581
 2448120.4973 -0.594
 2448120.4976 -0.598
 2448120.4979 -0.581
 2448120.4983 -0.593
 2448120.4986 -0.590
 2448120.4990 -0.604
 2448120.4993 -0.590
 2448120.4997 -0.581
 2448120.5052 -0.608
 2448120.5055 -0.625
 2448120.5059 -0.618
 2448120.5062 -0.620
 2448120.5066 -0.640
 2448120.5069 -0.621
 2448120.5073 -0.633
 2448120.5076 -0.622
 2448120.5079 -0.629
 2448120.5083 -0.614
 2448120.5266 -0.668
 2448120.5269 -0.669
 2448120.5273 -0.690
 2448120.5276 -0.663
 2448120.5279 -0.668
 2448120.5283 -0.699
 2448120.5286 -0.681
 2448120.5290 -0.676
 2448120.5293 -0.670
 2448120.5297 -0.664
 2448120.5360 -0.707
 2448120.5364 -0.695
 2448120.5367 -0.710
 2448120.5371 -0.731
 2448120.5385 -0.715
 2448120.5388 -0.710
 2448120.5392 -0.703
 2448120.5453 -0.726
 2448120.5457 -0.734
 2448120.5460 -0.721
 2448120.5464 -0.723
 2448120.5467 -0.711
 2448120.5471 -0.722
 2448120.5474 -0.712
 2448120.5478 -0.732
 2448120.5481 -0.730
 2448120.5485 -0.739
 2448120.5545 -0.721
 2448120.5548 -0.709
 2448120.5552 -0.725
 2448120.5555 -0.710
 2448120.5559 -0.727
 2448120.5562 -0.740
 2448120.5566 -0.726
 2448120.5569 -0.732
 2448120.5573 -0.724
 2448120.5576 -0.706
 2448120.5646 -0.750
 2448120.5649 -0.762
 2448120.5653 -0.764
 2448120.5656 -0.770
 2448120.5660 -0.768
 2448120.5663 -0.764
 2448120.5667 -0.765
 2448120.5670 -0.779
 2448120.5674 -0.771
 2448120.5677 -0.774
 2448120.5730 -0.788
 2448120.5733 -0.775
 2448120.5737 -0.770
 2448120.5740 -0.768
 2448120.5744 -0.753
 2448120.5747 -0.768
 2448120.5751 -0.774
 2448120.5754 -0.765
 2448124.4955 -0.731
 2448124.4958 -0.720
 2448124.4961 -0.725
 2448124.4965 -0.731
 2448124.4968 -0.723
 2448124.4972 -0.719
 2448124.4975 -0.726
 2448124.4979 -0.712
 2448124.4982 -0.704
 2448124.4986 -0.704
 2448128.5632 -0.770
 2448128.5636 -0.766
 2448128.5639 -0.758
 2448128.5643 -0.767
 2448128.5646 -0.768
 2448128.5650 -0.764
 2448128.5653 -0.771
 2448128.5656 -0.782
 2448128.5698 -0.752
 2448128.5701 -0.765
 2448128.5705 -0.750
 2448128.5708 -0.759
 2448128.5712 -0.766
 2448128.5715 -0.771
 2448128.5718 -0.775
 2448128.5722 -0.777
 2448128.5774 -0.761
 2448128.5777 -0.768
 2448128.5781 -0.764
 2448128.5784 -0.768
 2448128.5788 -0.772
 2448128.5791 -0.772
 2448128.5795 -0.775
 2448128.5798 -0.779
 2448128.5846 -0.759
 2448128.5849 -0.764
 2448128.5853 -0.771
 2448128.5856 -0.782
 2448128.5859 -0.779
 2448128.5863 -0.792
 2448128.5866 -0.785
 2448128.5870 -0.804
 2448128.5922 -0.771
 2448128.5926 -0.770
 2448128.5929 -0.767
 2448130.4573 -0.718
 2448130.4576 -0.710
 2448130.4580 -0.726
 2448130.4583 -0.702
 2448130.4587 -0.707
 2448130.4590 -0.711
 2448130.4594 -0.713
 2448130.4597 -0.715
 2448130.4601 -0.705
 2448130.4604 -0.706
 2448130.4666 -0.727
 2448130.4670 -0.728
 2448130.4673 -0.730
 2448130.4677 -0.730
 2448130.4680 -0.731
 2448130.4684 -0.733
 2448130.4687 -0.736
 2448130.4691 -0.734
 2448130.4694 -0.740
 2448130.4697 -0.730
 2448130.4766 -0.744
 2448130.4769 -0.755
 2448130.4773 -0.743
 2448130.4776 -0.758
 2448130.4780 -0.770
 2448130.4783 -0.755
 2448130.4787 -0.738
 2448130.4790 -0.752
 2448130.4794 -0.752
 2448130.4797 -0.751
 2448130.4860 -0.733
 2448130.4863 -0.758
 2448130.4867 -0.761
 2448130.4870 -0.764
 2448130.4874 -0.760
 2448130.4877 -0.752
 2448130.4881 -0.755
 2448130.4884 -0.750
 2448130.4888 -0.754
 2448130.4891 -0.764
 2448130.4950 -0.739
 2448130.4954 -0.760
 2448130.4957 -0.752
 2448130.4961 -0.751
 2448130.4964 -0.752
 2448130.4968 -0.768
 2448130.4971 -0.773
 2448130.4975 -0.780
 2448130.4978 -0.783
 2448130.4982 -0.787
 2448130.5125 -0.770
 2448130.5129 -0.779
 2448130.5132 -0.787
 2448130.5136 -0.781
 2448130.5139 -0.777
 2448130.5143 -0.783
 2448130.5146 -0.772
 2448130.5150 -0.758
 2448131.3461 -0.768
 2448131.3465 -0.780
 2448131.3468 -0.776
 2448131.3472 -0.772
 2448131.3475 -0.775
 2448131.3479 -0.782
 2448131.3482 -0.785
 2448131.3486 -0.787
 2448131.3489 -0.784
 2448131.3493 -0.790
 2448131.3553 -0.763
 2448131.3556 -0.765
 2448131.3560 -0.760
 2448131.3563 -0.763
 2448131.3566 -0.756
 2448131.3570 -0.754
 2448131.3573 -0.760
 2448131.3577 -0.762
 2448131.3580 -0.761
 2448131.3584 -0.758
 2448131.3645 -0.730
 2448131.3648 -0.738
 2448131.3652 -0.733
 2448131.3655 -0.731
 2448131.3659 -0.740
 2448131.3662 -0.735
 2448131.3666 -0.731
 2448131.3669 -0.739
 2448131.3673 -0.732
 2448131.3676 -0.742
 2448131.3745 -0.717
 2448131.3748 -0.713
 2448131.3752 -0.717
 2448131.3755 -0.716
 2448131.3759 -0.715
 2448131.3762 -0.722
 2448131.3766 -0.714
 2448131.3769 -0.712
 2448131.3773 -0.716
 2448131.3776 -0.716
 2448131.3844 -0.703
 2448131.3847 -0.700
 2448131.3851 -0.697
 2448131.3854 -0.701
 2448131.3858 -0.698
 2448131.3861 -0.698
 2448131.3865 -0.696
 2448131.3868 -0.696
 2448131.3872 -0.705
 2448131.3875 -0.695
 2448131.3938 -0.683
 2448131.3942 -0.681
 2448131.3945 -0.676
 2448131.3949 -0.674
 2448131.3952 -0.682
 2448131.3956 -0.689
 2448131.3959 -0.676
 2448131.3963 -0.681
 2448131.3966 -0.682
 2448131.3970 -0.665
 2448131.4027 -0.663
 2448131.4030 -0.662
 2448131.4034 -0.652
 2448131.4037 -0.654
 2448131.4041 -0.658
 2448131.4044 -0.657
 2448131.4048 -0.650
 2448131.4051 -0.659
 2448131.4055 -0.650
 2448131.4058 -0.660
